date	CIP_UK	CIP_US_CA	CIP_US_SWE	CROSS_STOCK_US_CA	CROSS_STOCK_US_DE	CROSS_STOCK_US_JP	CROSS_STOCK_US_UK	DEBT_EQUITY_US	GOV10Y_1Y_US	GOV30Y_10Y_US	GOV30Y_1Y_US	LENDING_DEPOSIT_US	LRATE_DRATE_US	M1_LIQUIDITY_US	MORT_BOND_US	MORTGAGE_LOAN_US1	REFER_US	TBILL_6M_3M	TED3M_US
1979-12-01	0.129789452	-0.090812504	-0.121800134	1.387729479	0.716875536	1.942974109	1.215454705	11.71040091	-1.31	-0.28	-1.59	0.791631878	0.605	0.000285284	2.79	0.281317435	103.55	-0.17	-2.705
1980-01-01	0.207996362	-0.054934477	-0.16440461	1.48001568	0.690044671	1.94065871	1.265158071	11.82625799	-1.6	0.29	-1.31	0.797223903	0.741	0.000288963	1.79	0.283633737	103.34	-0.3	-2.339
1980-02-01	0.152841977	-0.534525942	-0.101089061	1.635601537	0.707490455	1.944074837	1.3753517	11.57598644	-3.04	-0.16	-3.2	0.798264961	0.178	0.000290109	0.79	0.285316351	104.3	0.21	-1.672
1980-03-01	-0.038044689	-0.468920328	-0.380186375	1.430186344	0.704224382	2.03472711	1.40228618	11.06858089	-3.05	-0.44	-3.49	0.800889046	-0.612	0.000288393	2.97	0.284982047	107.93	-0.84	-3.372
1980-04-01	-0.010929529	0.070291778	-0.374183506	1.428961558	0.635585204	1.962587501	1.317808515	11.2092094	0.35	-0.58	-0.23	0.792745835	1.792	0.000282086	5.43	0.286695587	108.9	-1.77	-5.798
1980-05-01	0.376380781	0.382926501	0.104469665	1.476940636	0.673736415	1.981448704	1.291651232	11.33269176	1.35	0.19	1.54	0.791030325	5.126	0.000283285	3.89	0.290043542	104.44	0.32	-3.744
1980-06-01	0.53093337	0.412657043	0.347647846	1.516597262	0.68423596	2.104036776	1.439190834	11.7796981	1.29	0.21	1.5	0.782855191	3.177	0.000283653	2.72	0.29117518	102.47	0.47	-2.033
1980-07-01	0.466924306	0.119024264	0.27139378	1.504867402	0.657808787	2.000889847	1.427917103	12.11146371	0.89	0.55	1.44	0.781545695	2.013	0.000285259	1.39	0.292140302	101.26	0.75	-1.537
1980-08-01	0.404460078	-0.105240013	0.165179374	1.510183172	0.627931332	1.954153458	1.404724889	12.08157521	-0.05	0.17	0.12	0.783166795	0.174	0.000286697	1.29	0.29148931	102.58	0.25	-0.936
1980-09-01	0.235809456	-0.277283995	0.05808342	1.488193987	0.609282612	2.031557118	1.454078813	12.42839467	-0.78	0.19	-0.59	0.777433475	0.014	0.000285413	1.5	0.290178648	101.47	1.01	-1.766
1980-10-01	0.201816041	0.02332778	0.015690499	1.439533153	0.573440583	2.118955044	1.496692361	12.46774718	-2.03	0.48	-1.55	0.775539647	0.119	0.000284477	1.56	0.289201411	102.12	0.27	-1.161
1980-11-01	-0.140221432	-0.303614592	-0.204242609	1.388558075	0.49464999	1.882546797	1.394077151	12.42108851	-2.45	-0.36	-2.81	0.770279238	-0.578	0.000280354	1.89	0.28724917	104.19	-0.03	-2.328
1980-12-01	-0.250243426	0.002873308	-0.381949821	1.357353119	0.489552484	1.886730462	1.319131273	12.49514807	-1.02	-0.86	-1.88	0.768423825	0.755	0.000273983	2.81	0.284787158	105.53	-0.86	-4.975
1981-01-01	-0.24976928	0.001400669	-0.242447015	1.396060031	0.494102739	2.195186749	1.391184233	12.7829682	-1.43	-0.29	-1.72	0.76929775	1.897	0.0002759	2.62	0.286292859	104.81	-1.38	-3.253
1981-02-01	-0.31121574	-0.149434973	0.050761127	1.337361117	0.461012495	2.158147535	1.419994047	12.54648986	-1.4	-0.22	-1.62	0.766036568	2.095	0.000277482	2.16	0.288305625	108.53	-0.3	-3.145
1981-03-01	-0.122654566	0.221753521	0.091275877	1.393408084	0.449511834	2.094334142	1.295535235	12.44107538	0.07	-0.47	-0.4	0.762541066	3.212	0.000278049	2.75	0.289214952	108.52	-0.88	-1.928
1981-04-01	-0.247542872	0.056378774	0.041579059	1.39882318	0.493965922	2.263109441	1.461362661	12.49834306	-1.65	-0.03	-1.68	0.757665809	1.184	0.000279258	1.93	0.288790884	110.9	0.47	-2.226
1981-05-01	-0.407668209	-0.185615766	-0.151221411	1.440503764	0.456198001	2.218577939	1.329873629	11.92554224	-0.71	-1.04	-1.75	0.765701818	0.479	0.000277979	3.34	0.288187353	114.32	-1.59	-3.521
1981-06-01	-0.360699155	0.056811592	-0.077074279	1.449460159	0.471390089	2.285880824	1.313060156	12.18795272	-1.4	-0.17	-1.57	0.761027299	2.019	0.000273432	3.4	0.287347932	117.34	-0.51	-3.621
1981-07-01	-0.226848814	0.124300128	-0.198935007	1.352876336	0.463812278	2.250196427	1.211611995	12.25163136	-1.84	-0.32	-2.16	0.768521365	1.759	0.000275606	2.87	0.287010138	119.87	-0.2	-3.561
1981-08-01	-0.261259544	0.117050445	-0.214655652	1.427877308	0.466653611	2.220814991	1.286697048	12.16604901	-2.03	-0.16	-2.19	0.767990887	1.589	0.000273824	2.5	0.287225876	122.14	-0.02	-3.201
1981-09-01	-0.062814541	0.09021475	-0.2534198	1.294985782	0.467151949	2.328792882	1.148600945	12.44018625	-1.32	-0.13	-1.45	0.765527714	2.12	0.000268878	2.97	0.286276245	119.6	0.5	-3.67
1981-10-01	0.004201902	0.137140956	-0.168407609	1.217645932	0.47206444	2.198945976	1.121786223	12.04802094	0.84	-0.79	0.05	0.796368496	1.941	0.000276794	4.09	0.286460049	118.33	-0.24	-3.369
1981-11-01	0.115519531	0.312055327	0.085471722	1.30444182	0.489828456	2.165867459	1.215920443	11.88894441	1.57	-0.48	1.09	0.793485498	3.375	0.000273819	4.91	0.285557863	116.08	0.47	-3.235
1981-12-01	0.124234433	-0.04166679	0.098888017	1.29524578	0.486961792	2.440113269	1.296992309	13.91069649	0.37	-0.07	0.3	0.781105137	2.342	0.000272054	3.3	0.287670522	116.04	0.84	-2.268
1982-01-01	-0.105827361	-0.090798409	-0.221730896	1.195444755	0.499855474	2.498585773	1.369646183	15.37614778	0.55	-0.68	-0.13	0.783317059	-0.278	0.00027484	3.57	0.28928192	117.99	-0.09	-3.238
1982-02-01	-0.124454148	-0.199110663	-0.10480628	1.161163185	0.523092625	2.422408195	1.364006493	15.13314612	0.16	-0.6	-0.44	0.789008668	0.622	0.000274158	3.77	0.289668659	121.56	0.7	-3.628
1982-03-01	-0.09797379	0.029263199	0.003958927	1.114475605	0.529994713	2.277986562	1.385533792	15.38381274	-0.44	-0.18	-0.62	0.789508909	1.437	0.000273148	3.48	0.290269861	124.24	0.43	-2.343
1982-04-01	-0.103527377	-0.009127978	-0.047166443	1.053394836	0.498922404	2.163673851	1.312993465	15.48133723	0.2	-0.48	-0.28	0.789292035	1.212	0.000273747	3.5	0.288838255	125.48	0.07	-2.868
1982-05-01	-0.069497285	0.052667573	0.02704644	1.061583571	0.528954333	2.348488706	1.413364405	15.23523547	0.69	-0.23	0.46	0.793097833	1.84	0.000272439	3.29	0.288583087	123.42	0.12	-3.12
1982-06-01	-0.176633143	-0.038991893	-0.011943057	0.934328608	0.518416441	2.293306891	1.373012682	15.00890908	-0.04	-0.39	-0.43	0.792440434	0.895	0.000270995	2.79	0.287846565	129.26	0.14	-2.725
1982-07-01	-0.180848727	0.155825183	0.029232606	1.011390894	0.518464341	2.190014215	1.410277755	15.52581077	1.39	-0.53	0.86	0.789731092	1.746	0.000269939	3.4	0.286834939	131	0.64	-4.004
1982-08-01	-0.07392902	0.310221236	0.238977815	1.052274754	0.465510046	1.95916209	1.310431005	15.66430363	1.93	-0.56	1.37	0.785494268	2.682	0.000269189	3.77	0.287035649	132.99	2.11	-4.208
1982-09-01	-0.112098133	0.155522088	0.288246982	1.037001726	0.472201001	1.906155984	1.349442505	16.40840309	2.08	-0.55	1.53	0.784503231	1.592	0.000268828	3.64	0.285493272	133.99	1.23	-4.378
1982-10-01	-0.082845804	0.235514843	0.341989873	1.042627012	0.408657885	1.70640485	1.223800904	16.66215191	1.7	0.1	1.8	0.780829131	1.952	0.000270067	3.6	0.284666627	134.91	0.44	-2.638
1982-11-01	0.155739472	0.307039958	0.33854704	1.034323628	0.394022986	1.708855679	1.185818743	16.2508802	1.17	0.15	1.32	0.777112197	3.313	0.000273352	3.12	0.285219702	134.96	0.63	-0.597
1982-12-01	0.069275669	0.068365401	0.031389147	1.094084907	0.431012551	1.930840428	1.155341178	16.77805753	1.86	-0.11	1.75	0.765074276	1.872	0.000269373	3.19	0.283740701	129.92	-0.01	-1.618
1983-01-01	0.190823812	0.193711876	-0.177631194	1.089827289	0.429389294	1.952043835	1.146763716	17.92161224	1.55	0.53	2.08	0.760788521	2.092	0.000269297	2.26	0.286252038	128.77	0.17	-1.018
1983-02-01	0.135770411	0.084683087	0.180951084	1.109468234	0.445042483	1.901719961	1.072982704	17.9124112	2.11	-0.21	1.9	0.755110303	1.23	0.00027453	2.53	0.288054696	130.28	0.05	-1.84
1983-03-01	0.116412709	-0.061811352	0.226094913	1.107675171	0.476773725	1.921062926	1.058755224	18.03065685	1.17	0.18	1.35	0.754958459	1.117	0.000277485	2.11	0.287461758	131.29	0.13	-0.833
1983-04-01	0.120023571	-0.005437963	0.210634841	1.118770416	0.477250953	1.815318025	1.032301881	17.85561162	1.65	-0.02	1.63	0.750138316	1.174	0.000277009	2.4	0.28818883	132.51	-0.02	-1.216
1983-05-01	0.121671848	0.037167426	0.233848982	1.171391777	0.454219519	1.874876361	1.097694802	17.2284666	0.9	0.59	1.49	0.751571644	1.412	0.000280357	1.66	0.289103385	132.71	0.24	-0.608
1983-06-01	-0.036816665	-0.01651388	0.165204454	1.143838078	0.451956582	1.844580097	1.130400248	17.21000132	1.15	0.16	1.31	0.751888023	0.693	0.000280531	1.86	0.288723048	134.72	-0.09	-0.837
1983-07-01	-0.016438123	-0.058089197	0.13877771	1.19770665	0.480962983	1.955515045	1.095592821	17.15519393	0.9	0.42	1.32	0.754283111	0.372	0.000280084	1.63	0.289354082	135.4	0.32	-0.998
1983-08-01	-0.055848065	-0.122594698	0.033562449	1.186916319	0.428799832	1.922983294	1.080048556	15.91062498	1.26	0.11	1.37	0.762653209	0.484	0.000282512	1.85	0.289703498	137.52	0.38	-1.256
1983-09-01	-0.026704986	-0.043505414	0.177045305	1.18278364	0.433693973	1.916829161	1.049312353	16.07715788	1.76	-0.21	1.55	0.764404671	1.054	0.000281149	2.29	0.290439964	137.43	0.13	-1.196
1983-10-01	-0.020229113	-0.022187314	0.259396838	1.134461096	0.472934581	2.036173906	1.03466069	16.34916252	1.72	0.24	1.96	0.763954057	1.336	0.000279452	1.76	0.290830679	135.29	0.09	-1.004
1983-11-01	-0.068368433	-0.046271098	0.235558567	1.190269819	0.459049149	1.999971842	1.081421703	15.60226045	1.71	-0.02	1.69	0.76655088	1.097	0.000278801	1.77	0.290359093	137.12	0.25	-1.113
1983-12-01	-0.091335205	-0.106620893	0.173429337	1.206294781	0.467638754	2.163409372	1.085655628	15.16408755	1.75	0.04	1.79	0.765027683	0.797	0.000276076	1.55	0.288975281	138.84	0.18	-1.243
1984-01-01	-0.07447974	-0.010152371	0.200851671	1.168277206	0.488580172	2.330969143	1.161690512	14.22958627	1.82	0.11	1.93	0.764732811	1.11	0.000277776	1.59	0.29204115	140.28	0.04	-0.96
1984-02-01	-0.090932141	-0.091754081	0.082843524	1.191362196	0.470278276	2.391669405	1.151831837	14.24159106	1.63	0.3	1.93	0.776034048	0.491	0.000279282	1.09	0.291714118	138.25	0.13	-1.329
1984-03-01	-0.156384272	-0.075190853	0.014294814	1.1300459	0.502003736	2.649022757	1.271443113	14.00201559	1.52	0.2	1.72	0.779190011	0.696	0.000280305	0.87	0.292131647	135.41	0.14	-0.794
1984-04-01	-0.192654464	-0.052020863	-0.048347403	1.096179526	0.501743825	2.723592346	1.254354744	13.75407015	1.52	0.23	1.75	0.780249062	0.983	0.000277607	0.79	0.291259329	136.54	0.27	-1.307
1984-05-01	-0.139845038	-0.152677654	0.029481493	1.109737514	0.484869406	2.573756746	1.153940188	13.65845021	1.26	0.43	1.69	0.787893714	0.727	0.000276272	0.1	0.290056549	139.53	0.79	-1.873
1984-06-01	-0.212868296	-0.116209746	0.044098178	1.061684298	0.499843362	2.551286433	1.158667909	13.95620188	1.26	0.08	1.34	0.788730138	0.739	0.00027537	0.78	0.289567149	139.92	0.65	-2.051
1984-07-01	-0.003781643	-0.051076925	0.158399313	1.048038049	0.459341509	2.409626082	1.109101909	14.0389271	1.5	-0.49	1.01	0.791523653	0.866	0.00027474	1.8	0.289528901	143.97	0.39	-1.884
1984-08-01	-0.080651755	0.029274846	0.174474831	1.06558802	0.416144336	2.26622669	1.05954111	14.07308563	0.76	-0.21	0.55	0.797808232	1.074	0.00027481	1.96	0.290837664	144.4	0.08	-1.276
1984-09-01	-0.113756172	0.066042824	0.191985043	1.054800131	0.444839476	2.323404545	1.095535647	14.0193291	1.09	-0.24	0.85	0.800195153	1.183	0.000272577	2.07	0.29089453	147.34	0.1	-1.547
1984-10-01	-0.042095259	0.099100567	0.192435176	1.045417334	0.426062891	2.389101896	1.056819481	14.01500125	1.9	-0.52	1.38	0.802482777	1.689	0.000271932	2.49	0.290775216	148.86	-0.06	-1.561
1984-11-01	-0.012379513	0.194101943	0.194481536	1.060257012	0.446714511	2.481389021	1.094105221	13.7824861	1.86	0.01	1.87	0.80348773	1.719	0.000270295	2.06	0.291002438	146.9	0.26	-1.641
1984-12-01	0.080881221	0.096647267	0.303872988	1.050972682	0.42438962	2.499943622	1.10365046	13.76304336	2.28	0.04	2.32	0.799958193	1.961	0.000267538	1.64	0.288837502	149.78	0.52	-1.429
1985-01-01	0.323162061	0.158517841	0.251361143	1.049904468	0.398467987	2.339294024	1.031589746	13.7498729	2.29	-0.17	2.12	0.802734495	2.113	0.000271345	1.87	0.290762506	151.98	0.51	-0.847
1985-02-01	0.343494726	0.006323383	0.413986154	1.003180861	0.399889383	2.38776403	0.987317664	13.36730677	1.79	0.39	2.18	0.805435108	1.325	0.000273698	1.02	0.291657916	156.24	0.49	-0.865
1985-03-01	0.340740457	0.103083953	0.388366695	1.020375028	0.380776795	2.402095865	0.953004484	13.19224451	2.37	-0.22	2.15	0.807963083	1.08	0.000274726	1.53	0.291445448	157.11	0.26	-1.13
1985-04-01	0.334539843	0.119377324	0.444616395	1.03391197	0.418631864	2.422297897	1.104161132	13.08185302	2.44	0.05	2.49	0.798064817	1.678	0.000275226	1.72	0.2930659	151.49	0.34	-1.052
1985-05-01	0.394039393	0.195947795	0.593900139	1.018487038	0.428914823	2.360804843	1.065613564	13.0702903	2.87	-0.27	2.6	0.80397216	2.075	0.000275991	2.33	0.293961221	152.64	0.05	-1.045
1985-06-01	0.419000606	0.2016334	0.713132039	1.004855467	0.469868777	2.441778781	1.046227208	13.10775051	2.45	0.31	2.76	0.802653314	2.064	0.000276381	1.75	0.293625306	151.3	0	-0.746
1985-07-01	0.343406958	0.089158215	0.648514548	1.042018434	0.456985993	2.379473614	1.084459642	13.00653977	2.19	0.39	2.58	0.806109049	1.473	0.000279595	1.33	0.294826813	146.77	0.2	-0.807
1985-08-01	0.315866059	0.100008703	0.610731792	1.054749337	0.546350557	2.578856382	1.236882288	12.88776416	2.3	0.15	2.45	0.806056647	1.357	0.000282691	1.71	0.296389873	144.97	0.24	-1.073
1985-09-01	0.284780284	0.036001134	0.598209701	1.019950012	0.595236949	2.682007802	1.238937666	12.96454496	2.38	0.2	2.58	0.804724023	1.241	0.000282104	1.62	0.296120634	146.17	0.17	-1.369
1985-10-01	0.317845225	0.067881574	0.539028906	0.994191023	0.693074716	2.844625542	1.293403445	12.89643775	2.32	0.04	2.36	0.803054721	1.291	0.000283524	1.86	0.298865847	139.41	0.07	-0.989
1985-11-01	0.310134	0.130222478	0.482142636	0.989865912	0.640724987	2.701834023	1.290998545	13.12818535	1.93	0.08	2.01	0.801348141	1.369	0.00027964	1.92	0.298859225	137.24	0.08	-0.951
1985-12-01	0.310467692	0.170474309	0.402668217	0.947842075	0.690088178	2.768905324	1.25468191	13.38000741	1.66	0.01	1.67	0.800583675	1.387	0.000276667	1.99	0.296990701	136.37	0.06	-1.093
1986-01-01	0.389714868	0.238637915	0.481552474	0.913759753	0.721742089	2.789142009	1.239506963	13.22591487	1.62	0.15	1.77	0.807864924	1.355	0.000277921	1.55	0.298491939	134.99	0.07	-1.165
1986-02-01	0.41842343	0.473526864	0.352785024	0.85665469	0.671347958	2.850875481	1.196693828	13.10350508	1.27	-0.43	0.84	0.810893137	1.4844	0.000280019	2.44	0.301379963	130.21	-0.03	-0.9756
1986-03-01	0.374712526	0.433175898	0.377214607	0.880643006	0.754270605	3.34033607	1.271609088	13.08773479	1.06	-0.34	0.72	0.815059283	1.5271	0.000281559	2.64	0.300948341	127.23	-0.11	-1.1829
1986-04-01	0.378356614	0.203794961	0.518970139	0.922317349	0.735179511	3.395922845	1.32888699	13.11696828	0.76	0.17	0.93	0.811213785	1.8939	0.000282131	2.47	0.302092583	126.24	0.12	-0.9061
1986-05-01	0.286727129	0.175949666	0.487218966	0.88404076	0.682276057	3.519498008	1.273866323	12.99279469	0.83	0.03	0.86	0.816092675	1.5047	0.000288107	2.41	0.304531987	123.73	0.16	-0.7553
1986-06-01	0.305652729	0.147221025	0.357781937	0.855359185	0.626435713	3.506558347	1.251439177	13.00921886	1.39	-0.56	0.83	0.81251254	1.436	0.000290708	3.45	0.305856329	124.82	-0.12	-0.994
1986-07-01	0.325232982	0.180726377	0.377025365	0.870722239	0.675118669	4.217590302	1.316991478	13.08148291	1.1	0.16	1.26	0.810572216	1.491	0.000292298	3.05	0.308453944	121.71	0.02	-0.889
1986-08-01	0.407398372	0.233321568	0.43477483	0.832537828	0.764466334	4.44991288	1.253527328	13.06647141	1.65	0.04	1.69	0.808855559	1.7031	0.000293681	2.99	0.310913642	119.72	-0.1	-0.9269
1986-09-01	0.511400021	0.251412141	0.406050642	0.895613884	0.810418791	4.83865061	1.291388091	13.15916328	1.63	0.15	1.78	0.807144807	1.5028	0.000293121	2.41	0.31211793	119.42	0.15	-0.7572
1986-10-01	0.5245128	0.279109344	0.364990969	0.866124887	0.778545715	4.242155956	1.246832074	13.12222894	1.7	0.18	1.88	0.805586439	1.5007	0.000295557	2.37	0.314911685	119.27	0.09	-0.8093
1986-11-01	0.5567702	0.261814465	0.364801194	0.856281446	0.767227263	4.143530182	1.205128671	13.24098999	1.49	0.16	1.65	0.801425185	1.4141	0.000295593	2.29	0.315095724	120.72	0.03	-0.6959
1986-12-01	0.493303286	0.210615652	0.370493346	0.886814495	0.810317828	4.524008582	1.292204268	13.4794131	1.16	0.38	1.54	0.803740127	1.1176	0.000296334	1.83	0.314212228	119.69	0.07	-0.8224
1987-01-01	0.514798848	0.236635381	0.520816132	0.881349406	0.661057447	4.583801867	1.275085872	13.44555804	1.15	0.4	1.55	0.81705057	1.2835	0.000297575	1.72	0.31891121	115.54	0.08	-0.7065
1987-02-01	0.456272061	0.089533209	0.488704829	0.894734336	0.652113946	4.637086798	1.368197699	13.3165736	1.35	0.23	1.58	0.8206304	1.0547	0.000299353	1.6	0.322701505	114.55	0	-0.9953
1987-03-01	0.387236612	0.090069719	0.431252253	0.945881853	0.655784775	4.746897064	1.398381635	13.25284899	1.1	0.56	1.66	0.820933366	1.0057	0.000299443	1.23	0.32536063	114.01	0.14	-0.8943
1987-04-01	0.292683237	0.059714872	0.295877974	0.929730185	0.67067022	5.580089813	1.482902113	13.31107747	1.4	0.43	1.83	0.822787797	0.8805	0.00029958	1.38	0.326336113	111.42	0.42	-1.3295
1987-05-01	0.161688444	0.029471371	0.265220658	0.916321368	0.684603432	5.950294359	1.645806937	13.2692296	1.73	0.04	1.77	0.830117448	0.7837	0.000300685	1.95	0.330354603	110.73	0.49	-1.6863
1987-06-01	0.214184686	0.136464353	0.194286813	0.894134814	0.667266052	5.238370654	1.606762857	13.76747074	1.63	0.11	1.74	0.82774746	1.0114	0.000298486	2.03	0.334873702	112.23	0.14	-1.4686
1987-07-01	0.245899631	0.161910778	0.238785452	0.919174853	0.69773738	4.895527257	1.589551307	14.06425858	1.56	0.44	2	0.829649292	1.2575	0.000298996	1.39	0.339950674	113.7	0.21	-1.0525
1987-08-01	0.349876902	0.177994471	0.258287441	0.886695585	0.673101556	4.930715718	1.437546881	14.01230054	1.53	0.41	1.94	0.832740103	1.2094	0.000298449	1.16	0.34277466	113.46	0.06	-0.8006
1987-09-01	0.267848685	0.150799752	0.203312999	0.894674765	0.692210843	5.31723675	1.607338264	14.04647706	1.5	0.37	1.87	0.838543518	1.0679	0.000295098	1.1	0.342227323	111.36	0.35	-1.1521
1987-10-01	0.108044676	-0.103388203	0.127449396	0.878059826	0.681600686	5.731077048	1.48602693	14.10534945	2.77	-0.49	2.28	0.839434125	0.6524	0.00029547	2.23	0.344218823	111.26	0.81	-3.2476
1987-11-01	0.177631006	0.072532114	0.218197229	0.954209213	0.697803584	6.626832049	1.560217019	14.09375976	1.86	0.24	2.1	0.834916338	1.2473	0.000293872	1.55	0.348117484	106.91	0.38	-1.8127
1987-12-01	0.103358634	0.05078073	0.14833631	0.950927866	0.660996222	5.969104698	1.670156706	14.14587084	1.89	-0.04	1.85	0.837581419	0.7756	0.000290842	1.69	0.348760651	104.23	0.34	-2.1444
1988-01-01	0.117030291	0.153114821	0.252901479	0.898048702	0.624323452	6.995826624	1.753168926	14.19166265	2.01	-0.25	1.76	0.838854927	1.5219	0.000292546	1.96	0.350477275	104.16	0.29	-1.4881
1988-02-01	0.274209889	0.169335929	0.299139042	0.917964764	0.641570457	6.798655607	1.551701335	14.10750334	1.58	0.18	1.76	0.844120383	1.6685	0.000293353	1.5	0.351533794	105.19	0.15	-1.2115
1988-03-01	0.232700973	0.176816039	0.305742585	1.005863759	0.655401037	7.33974416	1.604057958	14.10471255	1.61	0.45	2.06	0.847899908	1.6427	0.000294301	1.11	0.351894888	103.73	0.27	-1.0873
1988-04-01	0.135493198	0.137864777	0.356283411	1.004284463	0.65563126	7.663168578	1.745540159	14.17105172	1.58	0.39	1.97	0.847534664	1.301	0.0002929	1.09	0.352752201	102.74	0.45	-1.289
1988-05-01	0.018866404	0.120485819	0.275540902	0.973962291	0.664249182	7.377303019	1.726378789	14.10452493	1.43	0.21	1.64	0.853768647	1.3244	0.000292708	1.16	0.353978197	103.17	0.49	-1.1656
1988-06-01	0.191624331	0.109067748	0.278095672	1.005164435	0.649513224	7.235172639	1.676103805	14.10561697	1.42	-0.05	1.37	0.853116393	1.2642	0.00029225	1.59	0.35476741	104.78	0.21	-1.2358
1988-07-01	0.249903164	0.081648804	0.229701442	0.991618669	0.642434401	6.925097887	1.5743499	14.03679318	1.16	0.17	1.33	0.855287553	1.0921	0.000292358	1.2	0.356687272	107.8	0.2	-1.2679
1988-08-01	0.31145207	0.088134556	0.189220805	0.979381149	0.639679762	6.956376136	1.555985348	13.90296152	0.98	0.05	1.03	0.860213711	1.2512	0.000293265	1.29	0.359211513	109.14	0.29	-1.3888
1988-09-01	0.312918795	0.151188381	0.212366185	0.956784982	0.661324181	6.572416074	1.518548883	13.86471446	0.85	0	0.85	0.859604106	1.576	0.000291371	1.5	0.361298795	109.08	0.16	-1.124
1988-10-01	0.320758971	0.166453393	0.198979541	0.964325219	0.674300931	6.56778221	1.530751757	13.93074683	0.74	-0.06	0.68	0.859157531	1.3713	0.000288789	1.56	0.362984212	106.47	0.07	-1.2087
1988-11-01	0.360325246	0.094558019	0.175224174	0.977745995	0.702056717	7.548742749	1.568493335	13.97543824	0.34	0.11	0.45	0.857115197	1.0273	0.00028698	1.2	0.363621209	103.41	-0.04	-1.0127
1988-12-01	0.286090171	0.078879035	0.116795903	0.99146837	0.743026159	7.945384337	1.615038763	13.99143571	0.09	-0.11	-0.02	0.854392346	1.0844	0.000285074	1.61	0.36349644	103.15	0.04	-1.2556
1989-01-01	0.271826013	0.097231654	0.115243669	0.995897553	0.668952702	7.528663236	1.672024942	13.86500591	0.05	-0.25	-0.2	0.855082098	1.0982	0.0002851	1.89	0.369775421	105.31	0.13	-1.1118
1989-02-01	0.286089484	0.108671632	0.147711113	0.996074797	0.642808079	7.408940551	1.647462597	13.85082143	-0.23	-0.03	-0.26	0.864382867	1.1925	0.000282886	1.51	0.369389591	105.82	0.14	-1.1675
1989-03-01	0.205691285	0.094466096	0.1098564	0.98565301	0.656690762	7.411431915	1.640547572	13.72923532	-0.28	-0.25	-0.53	0.863817329	1.2024	0.000282502	1.92	0.371326434	106.99	-0.01	-1.2976
1989-04-01	0.222966594	0.172329646	0.129355991	0.951655729	0.633510327	6.904420655	1.545947199	13.67984264	0.06	-0.27	-0.21	0.865020183	1.3289	0.000279884	2.14	0.372933596	108.12	-0.03	-1.6411
1989-05-01	0.305604138	0.225386564	0.161692218	0.923991959	0.628757242	6.761991978	1.498400551	13.59819582	0	-0.26	-0.26	0.877334547	1.7314	0.000277412	2.17	0.373674511	111.91	-0.03	-1.3586
1989-06-01	0.35695583	0.227418855	0.209600117	0.952678698	0.628884442	6.129626821	1.420969023	13.51285155	0.16	-0.23	-0.07	0.880073998	1.673	0.000276019	2.15	0.375427262	112.89	-0.31	-1.367
1989-07-01	0.417182773	0.28080949	0.26083323	0.939828477	0.626115382	6.08737427	1.391723771	13.55600176	0.37	-0.1	0.27	0.879235916	2.0068	0.000275091	1.96	0.37674278	110.17	-0.53	-0.9932
1989-08-01	0.37283316	0.290487328	0.263843567	0.93465832	0.655619454	6.136282008	1.480566535	13.53228189	-0.17	0.1	-0.07	0.886443737	1.6685	0.000274061	1.78	0.378915716	110.13	-0.2	-0.8515
1989-09-01	0.444429224	0.254858474	0.259766707	0.925059124	0.613796271	6.042196586	1.365036017	13.61911152	-0.29	0.05	-0.24	0.885517296	1.5268	0.000271846	1.89	0.380640463	110.97	0.06	-1.1332
1989-10-01	0.477940656	0.277448153	0.282763684	0.951137574	0.621383808	6.43747058	1.339873511	14.0575771	0.13	-0.09	0.04	0.881446348	1.7045	0.000270654	2.03	0.381470606	108.67	-0.02	-1.1955
1989-11-01	0.506791573	0.307407819	0.337959882	0.949542641	0.667797393	6.481387604	1.356823247	14.08858153	0.15	0.03	0.18	0.87951393	1.9545	0.000269358	1.87	0.38391572	108.39	-0.21	-0.9455
1989-12-01	0.533176532	0.309492085	0.362460788	0.936003696	0.764933003	6.46849408	1.390673159	14.1938683	0.08	0.14	0.22	0.872825166	1.9901	0.000268293	1.76	0.385089254	107.1	-0.2	-0.8299
1990-01-01	0.55023037	0.380371527	0.40668417	0.914337085	0.881372115	6.567728511	1.491224044	14.18808298	0.13	0.25	0.38	0.871878701	1.7606	0.000269368	1.44	0.387637097	106.12	0.02	-0.6594
1990-02-01	0.535340431	0.417388095	0.531258139	0.902259026	0.873508957	6.060750348	1.483440015	14.08471825	0.35	0.07	0.42	0.877903119	1.6344	0.000270419	1.66	0.390276235	106.22	-0.02	-0.6256
1990-03-01	0.493084476	0.369061879	0.492716552	0.884490005	0.90666708	4.978667753	1.427576469	14.02704274	0.24	0.04	0.28	0.879494422	1.5085	0.000270222	1.64	0.392239441	107.58	-0.04	-0.6415
1990-04-01	0.522967856	0.360155076	0.415647043	0.841542107	0.866075593	4.742130959	1.339919709	14.01480082	0.21	0.21	0.42	0.876222128	1.4301	0.000270257	1.37	0.393990108	107.65	0.21	-0.7899
1990-05-01	0.540823191	0.423447761	0.377925002	0.819198712	0.817938666	4.825222836	1.36549332	13.93837123	0.54	-0.18	0.36	0.88365073	1.5246	0.000270153	1.9	0.397432522	106.31	-0.01	-0.7654
1990-06-01	0.532551476	0.397481252	0.369055674	0.817761292	0.835011697	4.917876221	1.437172905	13.94924122	0.43	-0.082	0.348	0.87964242	1.6481	0.000268789	1.762	0.399500826	106.71	-0.16	-0.5819
1990-07-01	0.564033122	0.447012851	0.378987935	0.840408399	0.876050716	4.750568684	1.477039191	13.91116222	0.75	-0.061	0.689	0.873990022	1.7791	0.000268175	1.631	0.403854987	104.68	-0.2	-0.6909
1990-08-01	0.572246927	0.435412668	0.445977235	0.871935978	0.853536024	4.720859568	1.574426234	14.02402886	0.99	0.232	1.222	0.877540296	1.9091	0.000267376	1.118	0.404534743	102.74	-0.1	-0.6309
1990-09-01	0.539534152	0.401904869	0.460798154	0.860170772	0.741364965	4.059542718	1.534076318	13.97251131	1.2	0.057	1.257	0.876893437	1.8125	0.000267882	1.233	0.405586618	101.62	-0.12	-0.8975
1990-10-01	0.488028803	0.353679477	0.599547812	0.837343138	0.818723015	5.057824557	1.609018182	13.99850752	1.29	0.037	1.327	0.880302448	1.8308	0.000267571	1.413	0.407015807	99.28	-0.1	-0.9792
1990-11-01	0.456530057	0.387149457	0.58363058	0.80787839	0.798031846	4.456842999	1.626289849	14.11194232	1.08	0.094	1.174	0.878692336	1.8352	0.000266822	1.526	0.40876783	98.83	-0.03	-1.1248
1990-12-01	0.507611608	0.337335849	0.529687057	0.821783892	0.754464782	4.436200401	1.569383372	14.1484722	1.26	0.167	1.427	0.8721465	2.0781	0.000266326	1.423	0.409102302	100.15	-0.05	-1.4419
1991-01-01	0.568130245	0.409730908	0.529800737	0.792938038	0.741627623	4.160376909	1.515858131	13.86209682	1.58	0.103	1.683	0.867175462	2.1826	0.000270223	1.447	0.413258157	100.52	0.08	-1.2174
1991-02-01	0.553287642	0.362938787	0.52945502	0.792795742	0.770511833	4.612409122	1.616787342	13.78095353	1.44	0.351	1.791	0.862961036	2.3375	0.000271542	1.169	0.414505355	98.46	0.1	-0.7725
1991-03-01	0.516179148	0.321248553	0.56215122	0.776284695	0.711610399	4.43827095	1.577260661	13.67106019	1.83	0.134	1.964	0.858597092	2.4312	0.000273013	1.256	0.416172119	102.18	-0.04	-0.7488
1991-04-01	0.560381287	0.348963561	0.615268688	0.776749204	0.674354249	4.201373689	1.45267861	13.57880918	1.98	0.14	2.12	0.850442299	2.7768	0.00027422	1.32	0.418208168	104.07	-0.09	-0.5632
1991-05-01	0.542547249	0.357568214	0.540252758	0.764561535	0.691077057	4.181210116	1.396459208	13.37880658	1.91	0.193	2.103	0.851586911	2.4405	0.000278001	1.207	0.419983788	104.52	0.22	-0.5995
1991-06-01	0.497127374	0.293160675	0.489634567	0.79172535	0.673509231	3.998536306	1.380864638	13.37067725	1.96	0.124	2.084	0.846682593	2.2937	0.000279378	1.216	0.421801157	106.13	0.12	-0.6463
1991-07-01	0.537659945	0.296237409	0.498832092	0.767143863	0.618125651	3.93528847	1.345777697	13.28794809	2.08	0.069	2.149	0.840089351	2.3614	0.00028224	1.241	0.423737474	105.66	0.08	-0.5586
1991-08-01	0.545282026	0.335445756	0.533105045	0.754296954	0.638666081	3.611434483	1.40461313	13.28241119	2.18	0.158	2.338	0.833143844	2.7292	0.000282926	1.182	0.424794483	104.61	0.02	-0.4308
1991-09-01	0.549491841	0.39798173	0.558067248	0.747152316	0.638690448	3.920325452	1.433839605	13.34640953	2.23	0.157	2.387	0.83081449	2.581	0.000281274	1.203	0.42480829	103.06	-0.04	-0.459
1991-10-01	0.544442232	0.362415	0.628027861	0.773108349	0.650990832	4.099077837	1.438294485	13.40435547	2.43	0.382	2.812	0.832563919	2.5299	0.000282084	0.948	0.425421752	101.91	-0.18	-0.4601
1991-11-01	0.651871961	0.28439076	0.744631354	0.786143145	0.676137309	4.024876059	1.42049377	13.51161887	2.73	0.52	3.25	0.824781953	2.5086	0.000281823	0.77	0.425632605	100.17	0.01	-0.6814
1991-12-01	0.766741007	0.396612063	0.941185769	0.701690862	0.63255614	3.591594971	1.320560702	13.56726413	2.97	0.309	3.279	0.823092011	2.6037	0.000283192	1.101	0.424014625	99.32	0.05	-0.7963
1992-01-01	0.763602683	0.433732096	0.92973321	0.726745941	0.731682215	3.627935089	1.4628932	13.38200452	2.8	0.726	3.526	0.8222383	2.3185	0.000287883	0.674	0.426280256	98.91	0.08	-0.3415
1992-02-01	0.757772392	0.452654636	0.910086995	0.71094564	0.711533549	3.396550433	1.395611028	13.17989902	2.99	0.447	3.437	0.820852398	2.325	0.000293103	0.973	0.427781149	100.49	0.05	-0.235
1992-03-01	0.75411278	0.367960283	0.842913753	0.686540961	0.699459151	3.075798138	1.32505352	13.06272615	3	0.416	3.416	0.81650986	2.114	0.000296676	0.984	0.428289291	102.63	0.14	-0.356
1992-04-01	0.812023506	0.360597142	0.908951734	0.65136221	0.680621452	2.6839597	1.390089041	12.93978137	3.08	0.554	3.634	0.816067688	2.3297	0.000298338	0.816	0.431573315	102.11	0.16	-0.4903
1992-05-01	0.79670527	0.363447643	0.920773982	0.657012349	0.711406916	2.832810118	1.468297755	12.75843093	3.15	0.445	3.595	0.822404705	2.5399	0.000302841	0.835	0.433094359	100.92	0.12	-0.2501
1992-06-01	0.800164569	0.349977146	0.926204382	0.668573414	0.718085973	2.698685728	1.41793471	12.65327149	3.21	0.518	3.728	0.818840898	2.5057	0.000302465	0.732	0.43293769	99.27	0.01	-0.3543
1992-07-01	0.901428527	0.401641639	1.062934902	0.664908145	0.675538522	2.613148463	1.344359725	12.39012244	3.22	0.616	3.836	0.81877539	2.503	0.000307148	0.674	0.434307221	97.38	0.1	-0.337
1992-08-01	0.947771043	0.319800085	1.236327657	0.662023258	0.678143581	2.985591578	1.330973176	12.29073687	3.12	0.817	3.937	0.817451996	2.5493	0.000309255	0.573	0.435388056	96.78	0.08	-0.2907
1992-09-01	0.748923241	0.519204646	1.563061914	0.610366887	0.677810814	2.901758916	1.511414019	12.28777961	3.36	0.959	4.319	0.816757623	2.7163	0.000310646	0.541	0.434838411	97.01	-0.05	-0.3937
1992-10-01	0.59328446	0.707757784	1.164473198	0.621115444	0.673686293	2.892337168	1.370011718	12.21382683	3.05	1.034	4.084	0.814913462	2.5629	0.000314997	0.466	0.436737919	99.07	0.25	-0.4971
1992-11-01	0.539508643	0.60199966	1.065031359	0.570247573	0.614931371	2.814556982	1.219485782	12.25713591	3.04	0.725	3.765	0.810527797	2.2039	0.000315866	0.715	0.437169541	102.72	0.24	-0.5561
1992-12-01	0.553992879	0.513689763	0.936885789	0.585241563	0.603508854	2.737429581	1.245924851	12.20363867	3.16	0.624	3.784	0.809107148	2.3631	0.00031752	0.816	0.435443652	103.03	0.1	-0.4569
1993-01-01	0.518327409	0.531858741	0.954240287	0.573346598	0.597589417	2.692885912	1.228322327	11.91889094	3.21	0.595	3.805	0.816178226	2.6531	0.000322848	0.795	0.435060795	104.16	0.15	-0.4269
1993-02-01	0.502020024	0.484905673	0.916771026	0.601977469	0.62480846	2.634848791	1.194330766	11.75558204	2.94	0.635	3.575	0.817636061	2.7613	0.000324553	0.785	0.435104689	104.43	0.1	-0.2887
1993-03-01	0.500612906	0.317435768	0.956684251	0.611842344	0.609913586	3.037206551	1.171198289	11.69160914	2.66	0.944	3.604	0.816805643	2.7599	0.000324828	0.576	0.436343424	103.61	0.08	-0.3201
1993-04-01	0.530669303	0.247234288	0.876690438	0.655182469	0.62241765	3.660419044	1.254018628	11.58609624	2.71	0.961	3.671	0.811543544	2.7734	0.000326486	0.519	0.43817959	101.43	0.07	-0.3166
1993-05-01	0.462447069	0.254434891	0.808991654	0.656397017	0.613805737	3.709855698	1.2749495	11.54262225	2.42	0.938	3.358	0.814904804	2.7566	0.000330575	0.492	0.438138337	101.22	0.16	-0.1834
1993-06-01	0.43286973	0.194808842	0.786749557	0.664804736	0.638437237	3.714647709	1.29029689	11.52531412	2.51	0.71	3.22	0.816554644	2.6623	0.000329928	0.75	0.438343857	101.53	0.04	-0.2477
1993-07-01	0.461295901	0.136404901	0.779621981	0.668510073	0.63650483	3.917317816	1.270960064	11.43717581	2.28	0.752	3.032	0.821062227	2.706	0.000331706	0.648	0.438911255	102.94	0.12	-0.234
1993-08-01	0.482832816	0.241667088	0.726120868	0.653578766	0.657488791	3.959631684	1.281260072	11.35143838	2.3	0.43	2.73	0.824578926	2.7381	0.000333876	1	0.438869289	102.73	0.12	-0.2619
1993-09-01	0.512112469	0.246166402	0.743236534	0.627223909	0.677217921	3.818709796	1.289777385	11.40663728	1.97	0.63	2.6	0.823064802	2.7898	0.000334021	0.92	0.439138464	101.86	0.11	-0.2802
1993-10-01	0.415020624	0.239255213	0.676440998	0.666081302	0.730037882	3.741116662	1.307155162	11.28532486	1.86	0.62	2.48	0.827893097	2.6131	0.000337399	0.88	0.440288595	102.89	0.12	-0.3269
1993-11-01	0.350299719	0.09693739	0.64620859	0.652955136	0.706549564	3.11431019	1.299188963	11.31784374	2.07	0.5	2.57	0.823860662	2.5114	0.00033799	0.93	0.440533205	104.08	0.18	-0.3686
1993-12-01	0.366609742	0.08261807	0.661707538	0.67634606	0.761528179	3.226337098	1.394636734	11.31595856	2.14	0.57	2.71	0.822881356	2.6265	0.000336834	0.83	0.441395409	104.49	0.18	-0.3535
1994-01-01	0.411249924	0.133388163	0.681103476	0.689241436	0.699973744	3.440745516	1.397184589	11.08821342	2.22	0.48	2.7	0.830783095	2.7281	0.000336329	0.83	0.440892347	105.86	0.21	-0.3419
1994-02-01	0.277543708	0.018536374	0.591374238	0.676883412	0.695788852	3.684794436	1.409411725	10.94458541	1.94	0.75	2.69	0.837704575	2.4469	0.000337687	0.43	0.439171691	104.99	0.23	-0.2031
1994-03-01	0.258303579	0.091481669	0.518972037	0.679011228	0.75260657	3.803597882	1.357474669	10.79443738	1.98	0.63	2.61	0.846507723	2.1826	0.000338012	0.56	0.436895435	104.52	0.3	-0.3874
1994-04-01	0.184120896	0.256296212	0.494698331	0.66210774	0.80369558	3.92690388	1.356861567	11.1852513	1.9	0.38	2.28	0.850226044	2.3184	0.000335807	0.96	0.436571592	104.6	0.44	-0.2816
1994-05-01	0.076036908	0.198729412	0.355132227	0.660750832	0.755846828	4.126545802	1.300481237	11.22501553	1.8	0.28	2.08	0.854861257	2.34	0.000335643	1.14	0.43673609	103.7	0.48	-0.47
1994-06-01	0.090241071	0.159113667	0.366893051	0.633866954	0.746653829	4.087216399	1.302967248	11.13641725	1.59	0.51	2.1	0.860248008	2.6129	0.000335449	0.79	0.437154	103.13	0.49	-0.4771
1994-07-01	0.09435881	0.091202122	0.345494825	0.637752839	0.791587579	4.107889163	1.352779469	11.1283012	1.93	0.13	2.06	0.868732297	2.3917	0.000334529	1.18	0.436197021	101.25	0.29	-0.4683
1994-08-01	0.095012185	0.074973047	0.394013774	0.64462187	0.794548117	3.962227296	1.372417278	11.08289054	1.68	0.22	1.9	0.877055574	2.5917	0.000333824	1.05	0.435472635	101.05	0.3	-0.3683
1994-09-01	0.123149339	-0.035021053	0.387660417	0.678098101	0.742891167	3.883962984	1.311504543	11.05341195	1.5	0.36	1.86	0.881184199	2.6222	0.000332156	0.82	0.435177345	100.04	0.56	-0.4678
1994-10-01	0.067614292	-0.105935351	0.310870133	0.649270332	0.759501883	3.816383139	1.338383902	11.07382905	1.56	0.25	1.81	0.888299913	2.1276	0.000329229	0.94	0.433954601	98.78	0.44	-0.6124
1994-11-01	0.012554518	-0.084553752	0.278527845	0.634061792	0.811774391	3.932428823	1.435850574	11.17665045	1.05	0.04	1.09	0.890542498	2.269	0.000326955	1.17	0.433394845	99.39	0.65	-0.571
1994-12-01	0.016341529	-0.126410466	0.217014564	0.632202234	0.784188165	3.879230365	1.353990282	11.31042952	0.61	0.07	0.68	0.894368325	2.1156	0.000323315	1.32	0.432058694	101.67	0.7	-0.8644
1995-01-01	0.056813884	0.090552127	0.205429027	0.584033049	0.746839992	3.542712394	1.28396428	11.27661767	0.94	-0.083	0.857	0.907120757	2.1626	0.000321911	1.453	0.431251997	102.59	0.36	-0.5674
1995-02-01	0.051950572	0.212087075	0.24082681	0.587908717	0.762089104	3.159823744	1.258231768	11.18499858	1.03	-0.01	1.02	0.917471926	2.7377	0.000320569	1.37	0.430972595	101.88	0.19	-0.5423
1995-03-01	0.057929514	0.214959453	0.306829511	0.593599354	0.70577519	3.063514433	1.265891598	11.10197467	0.71	0.26	0.97	0.923609426	2.7313	0.000318603	1	0.430128896	99.45	0.16	-0.5787
1995-04-01	0.083870703	0.213582561	0.311291202	0.590564918	0.768494949	3.408684223	1.293328187	11.22442737	0.74	0.28	1.02	0.924184207	2.7639	0.000313507	0.98	0.429670872	96.11	0.14	-0.5661
1995-05-01	0.048201839	0.185735916	0.320845962	0.588807923	0.759775723	3.191001498	1.289570623	11.11132008	0.83	0.03	0.86	0.933018709	2.875	0.00031146	1.3	0.428643351	96.19	-0.12	-0.435
1995-06-01	0.120297858	0.168059394	0.382686221	0.584664987	0.730428183	2.930704304	1.236522208	11.0533256	0.52	0.47	0.99	0.933008353	2.9941	0.000309779	0.93	0.428730816	96.07	-0.08	-0.5759
1995-07-01	0.121457283	0.095742963	0.388328254	0.578292536	0.769726065	3.18815668	1.263566532	11.02218327	0.61	0.58	1.19	0.936079564	2.9021	0.000308197	0.75	0.428741185	96.03	-0.07	-0.4579
1995-08-01	0.095966573	0.073754284	0.383059299	0.578414567	0.776437081	3.267789617	1.275750102	11.00347414	0.84	0.17	1.01	0.940150118	2.8478	0.000307647	1.2	0.428603997	98.74	-0.12	-0.4922
1995-09-01	0.124825261	0.038883001	0.372734621	0.556190497	0.687757833	2.868113656	1.201233491	10.98128083	0.55	0.31	0.86	0.941152396	2.8858	0.000303126	1.12	0.427155768	100.29	0.07	-0.6042
1995-10-01	0.096188592	0.019964771	0.331778153	0.551081227	0.702233376	2.74216962	1.235344756	10.92162897	0.49	0.3	0.79	0.938485888	2.8125	0.000300192	1.13	0.427457279	99.62	0.07	-0.6975
1995-11-01	0.074282895	0.0086048	0.352760931	0.548077225	0.705951675	2.697436201	1.216172519	10.91461543	0.57	0.21	0.78	0.940905045	2.8725	0.000297729	1.23	0.426393747	100.42	-0.12	-0.5275
1995-12-01	0.105094312	-0.008046225	0.340755696	0.542335302	0.682213181	2.870173964	1.168663135	11.0089164	0.53	0.24	0.77	0.938166055	2.8848	0.000292352	1.25	0.422991045	100.99	0.07	-0.8752
1996-01-01	0.083412201	-0.008797699	0.329701207	0.548737365	0.729493888	2.793374312	1.170844395	10.97132709	0.75	0.4	1.15	0.941889008	2.9572	0.000290184	0.98	0.422524729	102.26	-0.2	-0.5728
1996-02-01	0.136231397	-0.016072695	0.303963837	0.542808447	0.696712578	2.583106953	1.133731404	10.81275728	0.58	0.64	1.22	0.948863563	2.9749	0.000290779	0.62	0.422398552	102.07	0.04	-0.4551
1996-03-01	0.092495825	-0.073417933	0.212720409	0.546315432	0.70144708	2.729618693	1.137991304	10.72548374	0.86	0.39	1.25	0.945293702	2.8558	0.000292732	0.96	0.422284013	102.02	0	-0.3942
1996-04-01	0.068587087	-0.119237242	0.123458481	0.558516157	0.695950754	2.763760184	1.164304234	10.64196233	0.89	0.4	1.29	0.943194669	2.7558	0.000290637	1.01	0.420207845	102.01	0.13	-0.5342
1996-05-01	0.092214086	-0.117016435	0.112565611	0.552742454	0.666640483	2.712548907	1.099512185	10.58345676	0.97	0.25	1.22	0.946812998	2.7533	0.00028899	1.08	0.420396277	102.09	0.11	-0.4567
1996-06-01	0.023897218	-0.136300272	0.046023117	0.532325638	0.672635202	2.6768054	1.118215308	10.53304403	1.21	-0.01	1.2	0.949433356	2.6803	0.000287857	1.42	0.419721863	102.26	0.07	-0.4797
1996-07-01	0.012799667	-0.177079814	-0.023347275	0.541685748	0.682630394	2.564642253	1.163503662	10.54865305	1.02	0.1	1.12	0.949055196	2.6097	0.000287234	1.27	0.418428987	102.09	0.09	-0.4803
1996-08-01	0.021916746	-0.258021981	-0.054403022	0.557269323	0.712278671	2.517707859	1.193058086	10.54682463	0.73	0.48	1.21	0.951274744	2.7227	0.000284722	0.88	0.420238961	101.12	0.18	-0.4373
1996-09-01	0.035434199	-0.271681806	-0.121871485	0.546201203	0.698231889	2.462345105	1.151040593	10.58138903	1.12	0.1	1.22	0.952450438	2.6323	0.000280158	1.3	0.417930435	101.62	0.07	-0.6377
1996-10-01	0.106736768	-0.390384992	-0.135111109	0.572156053	0.665263181	2.242769059	1.13159251	10.58023005	1.09	0.12	1.21	0.952712914	2.7041	0.00027549	1.26	0.416594808	102.08	0.09	-0.5459
1996-11-01	0.132583121	-0.476683921	-0.179557716	0.570020107	0.667998882	2.063318554	1.119726364	10.66116195	0.82	0.159	0.979	0.945496672	2.75	0.000270626	1.251	0.416924853	101.78	0.03	-0.48
1996-12-01	0.114887521	-0.480534875	-0.255813107	0.564239492	0.679495015	1.981058192	1.19439808	10.70448582	0.79	0.344	1.134	0.943321284	2.6982	0.000267584	0.946	0.416300004	102.51	0.15	-0.5818
1997-01-01	0.063196644	-0.487460305	-0.216194875	0.55720226	0.669931424	1.707891474	1.185497638	10.71050081	1	0.217	1.217	0.952083387	2.6847	0.000266537	1.023	0.416364852	103.58	0.04	-0.5253
1997-02-01	0.100549895	-0.48570325	-0.221371402	0.550615683	0.676080371	1.640098185	1.121042048	10.62110694	0.75	0.387	1.137	0.952966043	2.7398	0.000263939	0.843	0.415799508	105.52	0.13	-0.4602
1997-03-01	0.086534095	-0.504799018	-0.208813044	0.540618814	0.718631991	1.70477632	1.171319513	10.52056904	0.67	0.411	1.081	0.948623593	2.6754	0.000261257	0.789	0.41708703	106.57	0.08	-0.3746
1997-04-01	0.079709609	-0.51928253	-0.241559046	0.515774834	0.691686081	1.659601154	1.144169337	10.61347126	0.99	0.069	1.059	0.944797137	2.6699	0.000255644	1.181	0.418067102	106.87	0.12	-0.6401
1997-05-01	0.105351175	-0.538395883	-0.231763791	0.527193541	0.654273005	1.575602264	1.098684114	10.51463551	0.93	0.203	1.133	0.959748584	2.6809	0.000255134	1.027	0.418023564	105.5	0.3	-0.8791
1997-06-01	0.146767444	-0.531991657	-0.233897313	0.509568818	0.66699695	1.710539378	1.050721064	10.42072768	0.82	0.294	1.114	0.954812614	2.7098	0.000255729	0.906	0.419566229	105.06	0.09	-0.8002
1997-07-01	0.178349504	-0.461354913	-0.203301848	0.503993887	0.719307747	1.60037695	1.039911841	10.37367112	0.77	0.086	0.856	0.953608596	2.7549	0.000254649	1.184	0.420935189	105.92	0.04	-0.6651
1997-08-01	0.178129706	-0.448933831	-0.199105276	0.511706636	0.627272935	1.529004241	1.080267233	10.33304937	0.71	0.308	1.018	0.95087446	2.7746	0.000255257	0.872	0.421508445	107.5	0.05	-0.5954
1997-09-01	0.192127711	-0.457119706	-0.206371978	0.519497753	0.652571135	1.376812788	1.089668454	10.31439349	0.74	0.195	0.935	0.950466245	2.7761	0.00025097	1.025	0.422185614	107.49	0.23	-0.8739
1997-10-01	0.210405071	-0.389787726	-0.179238794	0.513202541	0.618018553	1.310784755	1.054668197	10.29842195	0.67	0.121	0.791	0.946533486	2.7335	0.000247888	1.139	0.423063678	107.56	0.07	-0.7265
1997-11-01	0.23693937	-0.403735961	-0.173014838	0.46286918	0.641331088	1.231999999	1.047555187	10.49260075	0.36	0.181	0.541	0.935250606	2.6594	0.000244223	1.139	0.422939422	109.74	0.09	-0.7106
1997-12-01	0.193631018	-0.260280957	-0.1571056	0.4662715	0.662725935	1.063401641	1.091411632	10.60266017	0.3	0.11	0.41	0.934636785	2.5932	0.000242694	1.17	0.420476844	113.35	-0.04	-0.6368
1998-01-01	0.229564566	-0.229740895	-0.149666935	0.451943591	0.680608554	1.128151776	1.110207919	10.58559287	0.3	0.271	0.571	0.945356874	2.8504	0.000241438	1.179	0.419395709	115.7	-0.02	-0.5896
1998-02-01	0.244450987	-0.148451982	-0.156225138	0.459040637	0.665035168	1.086828607	1.091026541	10.47025826	0.16	0.35	0.51	0.94437322	2.8664	0.000241775	1.12	0.420397581	114.36	-0.04	-0.4736
1998-03-01	0.245394401	-0.15609499	-0.168662001	0.466258163	0.687864758	1.027987015	1.084987883	10.51691447	0.24	0.294	0.534	0.936046296	2.812	0.000239602	1.176	0.421566381	113.64	0.02	-0.638
1998-04-01	0.221857427	-0.158422459	-0.170989504	0.465887993	0.666888698	0.937742372	1.095575273	10.49639362	0.24	0.441	0.681	0.937762482	2.8107	0.000238178	1.059	0.420990371	113.57	0.1	-0.7493
1998-05-01	0.208326908	-0.152864711	-0.184750802	0.462218865	0.772717366	0.955359883	1.115711032	10.38825364	0.23	0.152	0.382	0.947536686	2.8078	0.000239756	1.338	0.41999171	114.1	0.17	-0.7422
1998-06-01	0.27712975	-0.15205941	-0.238504639	0.427043793	0.787488311	0.882368893	1.032992822	10.40141626	0.12	0.13	0.25	0.944601085	2.8105	0.000237365	1.36	0.417895364	116.27	0.11	-0.7595
1998-07-01	0.249003682	-0.143855391	-0.240526945	0.396624887	0.776446532	0.921319195	1.055804243	10.22159235	0.08	0.253	0.333	0.951345754	2.8111	0.000237701	1.237	0.41973903	116.38	0.06	-0.7389
1998-08-01	0.248363223	-0.159699821	-0.226259424	0.357013127	0.762042757	0.900533097	1.080419237	10.26316409	0.39	-0.084	0.306	0.952422039	2.8156	0.000235305	1.664	0.419134361	118.36	-0.09	-0.7944
1998-09-01	0.242892966	0.053370336	-0.200405269	0.349606568	0.676937807	0.853942544	1.008420785	10.29869078	0.4	0.168	0.568	0.952593862	3.0074	0.000232104	1.742	0.415791132	116.58	-0.2	-0.9526
1998-10-01	0.248262064	-0.008444505	-0.210005735	0.353059808	0.694239656	0.789295233	1.011770807	10.4809005	0.35	0.623	0.973	0.954740028	2.8469	0.000228315	1.557	0.413906909	113.2	0.09	-1.1531
1998-11-01	0.201928609	-0.06448883	-0.297296926	0.344527941	0.703456956	0.971236449	0.981770249	10.66022908	0.3	0.244	0.544	0.948873127	2.5668	0.000226748	1.786	0.415694584	113.06	-0.01	-0.8532
1998-12-01	0.149443648	-0.028460077	-0.311900866	0.332034434	0.651779242	0.823364537	0.937582209	10.6968888	0.12	0.446	0.566	0.947273269	2.5224	0.000225517	1.634	0.416993291	112.11	-0.05	-0.7876
1999-01-01	0.102077992	-0.00109267	-0.3194125	0.336476856	0.650863368	0.885282394	0.914107805	10.51285763	0.21	0.368	0.578	0.949865208	2.7459	0.00022693	1.692	0.41826978	112.03	-0.04	-0.6541
1999-02-01	0.054653496	0.000931913	-0.325060869	0.326422071	0.617094896	0.89197527	0.9759926	10.2896111	0.12	0.58	0.7	0.950478994	2.754	0.00022856	1.22	0.418981133	113.6	0	-0.466
1999-03-01	0.043297371	-0.002666545	-0.386429723	0.327706936	0.569162009	0.936525016	0.94327958	10.12743379	0.51	0.4	0.91	0.949974868	2.7448	0.000230646	1.41	0.418693215	114.96	-0.03	-0.6152
1999-04-01	0.041506355	-0.044120237	-0.397963411	0.348700844	0.600075848	0.951182783	0.9492162	10.16589748	0.4	0.487	0.887	0.946927605	2.7517	0.000230697	1.243	0.418345293	114.48	0.09	-0.6083
1999-05-01	0.041651962	-0.070921377	-0.375010985	0.343997315	0.566664096	0.947599319	0.932063509	10.19138244	0.57	0.29	0.86	0.956385458	2.7259	0.000230569	1.31	0.420565265	114.2	0.12	-0.5041
1999-06-01	-0.019147445	-0.094973611	-0.388402035	0.333493262	0.563881829	0.970878308	0.900073057	10.37466177	0.83	0.069	0.899	0.958804071	2.5712	0.000227669	1.581	0.419975938	114.95	0.23	-0.5688
1999-07-01	-0.020368873	-0.121628609	-0.390429978	0.343244545	0.541700707	1.045024186	0.905611454	10.32348585	0.66	0.339	0.999	0.959600183	2.6905	0.000228717	1.501	0.422807007	115.14	0.07	-0.7195
1999-08-01	-0.05545435	-0.135384678	-0.426430905	0.341965245	0.5861049	1.093156709	0.937098642	10.22936237	0.64	0.126	0.766	0.966714517	2.6101	0.000228403	1.874	0.426144085	113.65	0.19	-0.6399
1999-09-01	-0.004007806	-0.155689783	-0.350424967	0.356782415	0.584506329	1.219627825	0.921601679	10.36919829	0.7	0.129	0.829	0.970626824	2.6844	0.000224738	1.771	0.427213248	112.86	0.14	-0.9156
1999-10-01	-0.036640976	-0.245367861	-0.394255005	0.349855179	0.597365994	1.239718041	0.919705194	10.69783604	0.68	0.056	0.736	0.968942499	2.0677	0.000223315	1.684	0.43053578	112.35	0.1	-1.2223
1999-11-01	-0.039432118	-0.206280189	-0.425275678	0.355412395	0.613254835	1.284748709	0.951813709	10.78579364	0.33	0.258	0.588	0.963773827	2.2675	0.000220251	1.442	0.429360403	112.87	0.21	-0.9825
1999-12-01	-0.011922945	-0.210551312	-0.420375976	0.381391732	0.656119588	1.30134495	0.919033026	10.95477409	0.3	0.202	0.502	0.960556473	2.3734	0.000217623	1.428	0.434500823	113	0.32	-0.9566
2000-01-01	0.029380937	-0.192938652	-0.358848995	0.405735294	0.677534623	1.358475127	0.897130428	10.89230401	0.36	-0.172	0.188	0.972542616	2.4608	0.000217707	1.722	0.436710784	112.7	0.25	-0.6292
2000-02-01	0.00305419	-0.170904644	-0.315577895	0.445046791	0.749223673	1.323503667	0.921048397	10.73625189	0.32	-0.385	-0.065	0.977977133	2.6302	0.000214397	2.195	0.435366647	114.41	0.15	-0.4798
2000-03-01	-0.003800752	-0.140255907	-0.343483321	0.420386426	0.677290517	1.201889409	0.857649708	10.63672415	-0.02	-0.423	-0.443	0.980938912	2.633	0.000213132	2.403	0.437767593	115.03	0.18	-0.487
2000-04-01	-0.011303399	-0.152822718	-0.327543908	0.419835983	0.670579375	1.229347118	0.859990557	10.88557356	-0.25	-0.026	-0.276	0.97467399	2.6881	0.000211499	2.186	0.439310803	115.51	0.24	-0.6919
2000-05-01	-0.109277678	-0.140620042	-0.440906132	0.420313248	0.626986368	1.126127717	0.866055117	10.97776348	0.07	-0.44	-0.37	0.994117913	2.4843	0.000207086	2.52	0.440869633	118.17	0.34	-1.0257
2000-06-01	-0.074585256	-0.141352063	-0.419174294	0.45723475	0.607547999	1.143854686	0.810776726	10.77472694	0.02	-0.202	-0.182	0.995162524	2.7099	0.000206123	2.392	0.442620543	116.94	0.29	-1.1201
2000-07-01	-0.076696569	-0.131009437	-0.385444635	0.47313221	0.657639427	1.088566013	0.844734952	10.69298728	-0.02	-0.267	-0.287	0.993726391	2.7681	0.000205792	2.367	0.445964619	117.04	0.08	-0.7219
2000-08-01	-0.074697465	-0.134012681	-0.420105782	0.485760414	0.60316445	1.033389433	0.826869474	10.67337851	-0.39	-0.162	-0.552	0.997256641	2.8086	0.000204133	2.352	0.446780798	117.74	-0.01	-0.5814
2000-09-01	-0.092677475	-0.128673621	-0.400446175	0.464102957	0.585562798	1.099180512	0.803257542	10.65450315	-0.27	0.083	-0.187	0.998859207	2.8258	0.000201762	2.027	0.446567786	119.1	-0.02	-0.6442
2000-10-01	-0.109343093	-0.139645143	-0.450836538	0.426789864	0.599048256	1.007381935	0.824970065	10.57284604	-0.38	0.047	-0.333	0.996933005	2.7216	0.000200543	2.013	0.445588754	121.04	-0.1	-0.5984
2000-11-01	-0.122176721	-0.138955092	-0.403524273	0.4218367	0.573222195	1.084323485	0.845438561	10.59127689	-0.26	-0.111	-0.371	0.99786562	2.7483	0.00019822	2.141	0.445977162	121.87	-0.28	-0.5717
2000-12-01	-0.077501572	-0.103043209	-0.376698827	0.43544066	0.58781855	0.993267823	0.84406278	10.74010045	-0.175	0.216	0.041	0.985682956	2.9549	0.000193931	1.924	0.443784115	120.87	-0.18	-0.8851
2001-01-01	-0.011588545	-0.03104336	-0.262871461	0.439297156	0.641801352	0.945597697	0.864737303	10.74194685	0.597	0.344	0.941	0.985964856	3.3518	0.000193769	1.526	0.442613746	121.29	-0.405	-0.5882
2001-02-01	0.013028624	0.021699347	-0.210187167	0.411394041	0.647912489	0.985700002	0.891316146	10.50120071	0.614	0.215	0.829	0.987682996	3.1518	0.000196323	1.735	0.443876388	122.02	-0.35	-0.4782
2001-03-01	0.071168595	0.007211975	-0.166350379	0.402488337	0.643412395	1.066129125	0.886445453	10.42209355	0.804	0.554	1.358	0.978983038	3.356	0.000197033	1.506	0.446144543	123.96	-0.245	-0.744
2001-04-01	0.118250905	0.0181217	-0.092163669	0.40009455	0.609068974	0.982208003	0.850532788	10.42428012	1.223	0.646	1.869	0.966569904	3.1861	0.000196547	1.294	0.44740095	124.83	0.09	-0.8939
2001-05-01	0.182721307	0.1096315	0.003452191	0.40633792	0.599578207	0.970446176	0.836179035	10.31482007	1.76	0.366	2.126	0.974704239	3.1363	0.000197823	1.394	0.449826231	124.61	-0.1	-0.5237
2001-06-01	0.238843846	0.123747014	0.123412778	0.402423136	0.575914941	1.014453536	0.82202682	10.18295623	1.56	0.484	2.044	0.966129066	3.1459	0.000200026	1.396	0.452317282	125.39	0.005	-0.3641
2001-07-01	0.260786274	0.09298513	0.128217508	0.401494637	0.562992965	0.89729022	0.811767887	9.983334876	1.71	0.286	1.996	0.959625419	2.9989	0.000202628	1.604	0.4563183	125.69	-0.13	-0.2711
2001-08-01	0.249127771	0.125655412	0.161136692	0.407013312	0.553367491	0.885976149	0.853142028	9.721073527	1.56	0.401	1.961	0.956744093	3.104	0.000204032	1.579	0.458911377	123.52	-0.135	-0.236
2001-09-01	0.302310311	0.106945538	0.186262465	0.401974877	0.516936044	0.940029519	0.851207756	10.04716046	2.24	0.692	2.932	0.942204454	3.2454	0.000204911	1.398	0.45338475	123.98	-0.045	-0.6946
2001-10-01	0.393093424	0.10166693	0.345261558	0.395821602	0.542756762	0.944614607	0.877965517	9.71219451	2.5	0.302	2.802	0.942192605	3.1299	0.000201165	1.748	0.459769135	124.46	-0.22	-0.2701
2001-11-01	0.449247769	0.141400515	0.448741048	0.400778222	0.544745061	0.859885161	0.841399927	9.764701953	2.59	0.636	3.226	0.931768273	2.997	0.000200233	1.374	0.463967012	125.45	-0.1	-0.263
2001-12-01	0.555614237	0.102643492	0.508790879	0.405494002	0.550592029	0.824367892	0.814626387	9.89205557	2.92	0.379	3.299	0.918563836	2.9157	0.00020181	1.601	0.466857569	125.35	0.055	-0.2243
2002-01-01	0.550928062	0.057380926	0.549746936	0.41134269	0.553864131	0.74532672	0.838273032	9.810866272	2.75	0.398	3.148	0.914958786	2.9294	0.000204677	1.562	0.468709108	126.24	0.18	-0.1406
2002-02-01	0.541810294	0.028899045	0.554261051	0.415723317	0.539667402	0.776850903	0.821806859	9.872250547	2.66	0.509	3.169	0.91257969	2.8468	0.000205549	1.471	0.469499173	127.18	0.08	-0.1732
2002-03-01	0.537112651	0.000514565	0.562017069	0.414576702	0.560606862	0.787137457	0.824418933	9.89141975	2.58	0.532	3.112	0.903391673	2.7621	0.000207604	1.198	0.471525168	126.57	0.27	-0.1979
2002-04-01	0.548551955	0.088276847	0.605705051	0.438182866	0.560763641	0.860594373	0.86622708	9.993127184	2.86	0.386	3.246	0.897063708	2.783	0.000204796	1.394	0.47332785	126.29	0.17	-0.267
2002-05-01	0.557408059	0.106130669	0.628799308	0.453836175	0.563869542	0.934750966	0.884396844	9.857537193	2.82	0.459	3.279	0.901152133	2.8455	0.000205297	1.191	0.476564998	124.23	0.14	-0.1845
2002-06-01	0.577733338	0.1967931	0.6455567	0.458797853	0.567647306	0.947172274	0.872425449	9.731352448	2.87	0.585	3.455	0.901601189	2.8724	0.00020523	1.135	0.48113477	122.44	0.03	-0.1976
2002-07-01	0.56410146	0.277355412	0.646416016	0.442062561	0.552457488	1.001313751	0.897118305	9.788056668	2.85	0.658	3.508	0.897594608	2.9015	0.000205203	1.182	0.486827153	120.46	-0.01	-0.1785
2002-08-01	0.558378197	0.295654358	0.663389684	0.447209341	0.549065577	0.976559404	0.906845064	9.858927379	2.52	0.668	3.188	0.90009793	2.9751	0.000199255	1.362	0.490565978	121.94	-0.02	-0.1249
2002-09-01	0.554564005	0.291234856	0.648773634	0.461942393	0.460335468	1.086017578	0.893192542	9.89801869	2.34	0.8	3.14	0.904925349	2.9454	0.000197668	1.42	0.494224482	122.68	-0.14	-0.1846
2002-10-01	0.550035626	0.293421627	0.640050562	0.435573408	0.483082601	0.901282885	0.895856925	9.941389154	2.48	1.05	3.53	0.906176918	2.9655	0.000196143	1.12	0.499767026	123.94	-0.24	-0.1445
2002-11-01	0.701587606	0.418424365	0.720745433	0.432962131	0.486639562	0.885063875	0.872705052	10.00888611	2.49	0.992	3.482	0.904131601	2.8941	0.000193309	1.028	0.503771063	123.02	0.06	-0.2459
2002-12-01	0.734302012	0.444067352	0.703185908	0.459979283	0.449546864	0.8743064	0.872896455	10.00545816	2.71	0.752	3.462	0.908964299	2.8427	0.000191971	1.268	0.506074716	122.2	0.05	-0.2473
2003-01-01	0.725086656	0.46006495	0.715185759	0.484506191	0.46362288	0.917860005	0.844754174	10.06672028	2.74	0.79	3.53	0.910186795	2.8839	0.000194687	1.08	0.510804764	120.22	0.01	-0.2061
2003-02-01	0.652862873	0.46744738	0.701977932	0.505607831	0.448476506	0.915980567	0.893841656	9.962197058	2.66	0.774	3.434	0.907600131	2.9067	0.00019476	1.166	0.515803051	120.53	-0.015	-0.1533
2003-03-01	0.692933198	0.554286243	0.700985113	0.491431729	0.42650918	0.894763782	0.843418804	9.856260315	2.62	1.015	3.635	0.900579278	2.9638	0.000194367	0.925	0.518162886	120.16	-0.055	-0.1362
2003-04-01	0.67958405	0.598761284	0.689395565	0.483947928	0.481642398	0.834551989	0.846997758	9.753925394	2.74	0.805	3.545	0.899949686	2.9495	0.000194933	1.045	0.519169438	119	-0.025	-0.1605
2003-05-01	0.691515663	0.611739235	0.618909879	0.501058362	0.478753435	0.834087669	0.858388049	9.642753384	2.44	0.808	3.248	0.90702765	2.9655	0.000194955	1.102	0.52202644	114.41	-0.015	-0.1945
2003-06-01	0.776957682	0.692594401	0.626141169	0.509757839	0.534430229	0.888797345	0.861624847	9.721231193	2.24	1.229	3.469	0.89956391	3.0975	0.000194349	0.671	0.52452322	114.06	0.08	-0.2625
2003-07-01	0.701150186	0.649090204	0.612918964	0.503032236	0.561417017	0.903317882	0.895591777	9.729652514	2.7	1.38	4.08	0.901580125	2.8905	0.000195152	0.27	0.528267367	115.4	0.09	-0.1995
2003-08-01	0.743698755	0.623210597	0.610679488	0.519164203	0.535373765	0.940686454	0.858873984	9.719282448	3.1	0.77	3.87	0.902985668	2.8652	0.000196195	1.04	0.534837086	117.08	0.05	-0.1548
2003-09-01	0.797614644	0.553172034	0.593523928	0.533705342	0.493641456	0.996758185	0.834220831	9.669231328	3.12	0.615	3.735	0.906704434	2.8575	0.000196625	1.265	0.538040545	115.79	0.07	-0.2125
2003-10-01	0.815652604	0.553793208	0.591505885	0.542489978	0.55951732	1.018942047	0.879710003	9.586698792	2.98	0.845	3.825	0.904574256	2.8416	0.000197572	0.815	0.538907486	113.09	0.075	-0.2184
2003-11-01	0.815541131	0.54374087	0.58105715	0.55226269	0.557933212	0.964559899	0.889527093	9.516732298	2.91	0.835	3.745	0.896737136	2.8277	0.000196184	0.795	0.535227139	112.65	0.095	-0.2423
2003-12-01	0.837057148	0.52936261	0.576304909	0.553010426	0.586430096	0.973182286	0.891305174	9.47876323	3.01	0.802	3.812	0.898504645	2.8297	0.000196214	0.808	0.529023992	111.22	0.12	-0.2903
2004-01-01	0.8798889	0.491416481	0.555267421	0.547331256	0.619020555	0.981305761	0.902781012	9.481937848	2.87	0.814	3.684	0.903795402	2.8718	0.000194806	0.746	0.528703149	109.29	0.085	-0.2282
2004-02-01	0.901207148	0.498558063	0.525745335	0.552960992	0.599662505	1.017687707	0.929496426	9.547251898	2.87	0.762	3.632	0.899837015	2.8759	0.000194258	0.798	0.531130429	109.72	0.045	-0.1841
2004-03-01	0.891778752	0.431800345	0.442274003	0.560692237	0.586435972	1.09109418	0.950837649	9.439098804	2.63	0.95	3.58	0.889650748	2.8878	0.000195028	0.67	0.53564041	111.13	0.05	-0.1822
2004-04-01	0.875004907	0.334189897	0.392894805	0.523267804	0.61092087	1.173362004	0.978777589	9.139918062	2.8	0.938	3.738	0.887481961	2.8481	0.000193579	0.542	0.540634802	111.98	0.18	-0.1919
2004-05-01	0.905551572	0.283143382	0.34883892	0.532011983	0.576687478	1.046782497	0.908539106	9.224312413	2.89	0.624	3.514	0.890290753	2.7467	0.000193082	0.926	0.544589238	114.43	0.295	-0.1933
2004-06-01	0.824170523	0.176169579	0.246208631	0.54001219	0.597315175	1.077083422	0.936090439	9.710582395	2.64	0.56	3.2	0.889558129	2.5094	0.000191399	1	0.546365066	113.1	0.32	-0.2106
2004-07-01	0.811503795	0.133141917	0.196770418	0.558353992	0.592033006	1.085050464	0.941867049	9.518271475	2.37	0.701	3.071	0.889805651	2.622	0.000189517	0.859	0.54560912	112.1	0.285	-0.198
2004-08-01	0.758537626	0.098862972	0.162142337	0.556515897	0.567831163	1.04784003	0.955029442	9.3206482	2.29	0.648	2.938	0.893410518	2.7008	0.00019092	0.942	0.547175673	112.03	0.24	-0.2092
2004-09-01	0.690399629	0.106809384	0.10114132	0.593987688	0.585233421	1.025390389	0.953319769	9.22572066	1.92	0.765	2.685	0.897199375	2.6761	0.000189576	0.855	0.548067757	111.64	0.245	-0.2139
2004-10-01	0.635204942	0.125752067	0.039774487	0.621984476	0.597818929	0.987346929	0.952095928	8.921065985	1.82	0.691	2.511	0.899161041	2.6675	0.000190109	0.929	0.551636046	110.34	0.215	-0.2125
2004-11-01	0.567811291	0.059646411	-0.037014336	0.625349919	0.616771714	0.999183373	0.955069445	8.929062938	1.56	0.815	2.375	0.894695481	2.6239	0.000189874	0.725	0.552855273	107.51	0.245	-0.1561
2004-12-01	0.503592444	-0.0148598	-0.100728446	0.615508195	0.643398863	1.046494358	1.000219194	8.912145265	1.48	0.598	2.078	0.896295109	2.6509	0.000189506	0.922	0.550678318	106.2	0.32	-0.2991
2005-01-01	0.430471019	-0.047241214	-0.153842439	0.606987958	0.67119155	1.074879332	1.034553278	8.817337634	1.26	0.366	1.626	0.90384208	2.5832	0.000187939	1.124	0.549272258	106.72	0.28	-0.2868
2005-02-01	0.431009222	-0.089713035	-0.205319013	0.631656326	0.648055522	1.066956875	1.01645444	8.818608589	0.97	0.553	1.523	0.905247784	2.6705	0.000186888	0.907	0.551235002	107.19	0.245	-0.1695
2005-03-01	0.374242932	-0.146977884	-0.25629219	0.650481376	0.668307848	1.088707344	1.042149889	8.791331245	1.15	0.261	1.411	0.905620788	2.5565	0.000184983	1.169	0.553681856	106.74	0.235	-0.2235
2005-04-01	0.345354711	-0.169984138	-0.292371942	0.623789752	0.641597604	1.032669672	1.020623536	8.784647647	1.01	0.177	1.187	0.903320762	2.5967	0.000182295	1.343	0.554637743	108.14	0.24	-0.3033
2005-05-01	0.2713789	-0.202927455	-0.333742961	0.621430247	0.665353444	1.03912525	1.03799132	8.777393349	0.82	0.184	1.004	0.910702731	2.706	0.000181736	1.396	0.555607323	108.32	0.13	-0.384
2005-06-01	0.252592026	-0.2369272	-0.507121557	0.655985139	0.647676986	1.036240319	1.017401253	8.739376586	0.55	0.192	0.742	0.910075928	2.5837	0.000182467	1.388	0.557570303	109.49	0.26	-0.4463
2005-07-01	0.17060311	-0.275831305	-0.550482616	0.66584497	0.651891192	0.992602014	0.99007613	8.733416469	0.38	0.294	0.674	0.923386989	2.637	0.000180506	1.226	0.560409326	110.39	0.21	-0.263
2005-08-01	0.153482015	-0.322789208	-0.577254612	0.711255362	0.664636836	1.054859425	1.005896383	8.78671101	0.49	-0.003	0.487	0.924082223	2.641	0.000179484	1.563	0.561588652	109.29	0.15	-0.339
2005-09-01	0.107377848	-0.278780349	-0.591840281	0.746322886	0.703484912	1.185434164	1.065817832	8.8600995	0.19	0.371	0.561	0.926061016	2.6843	0.00017747	1.199	0.560754102	110.06	0.36	-0.4657
2005-10-01	0.07584492	-0.254373084	-0.640985455	0.704926083	0.669224145	1.188989239	1.010041861	8.924680582	0.15	0.297	0.447	0.927882105	2.5826	0.000176602	1.313	0.562698777	111.75	0.265	-0.3474
2005-11-01	0.022782426	-0.290158729	-0.657579705	0.716558013	0.686618	1.19638901	1.007669766	8.923190428	0.2	0.155	0.355	0.929904228	2.6478	0.000175285	1.635	0.562155145	112.17	0.295	-0.4822
2005-12-01	0.025256413	-0.251890592	-0.609220828	0.747190699	0.698185106	1.245479838	1.028777674	8.966035444	0.09	0.071	0.161	0.930161795	2.659	0.000173404	1.729	0.559908963	111.41	0.305	-0.571
2006-01-01	0.015995017	-0.266758033	-0.584265949	0.788944897	0.721752756	1.28539216	1.024166481	8.920382232	-0.16	0.259	0.099	0.932955372	2.6547	0.00017349	1.471	0.559585665	110.12	0.1	-0.2853
2006-02-01	-0.059491072	-0.247849016	-0.58712425	0.775229652	0.75261974	1.249749279	1.071029352	8.878857966	-0.16	-0.058	-0.218	0.933796244	2.7445	0.000172177	1.738	0.560984892	110.43	0.11	-0.2855
2006-03-01	-0.069061124	-0.226517068	-0.583941833	0.774936038	0.755493637	1.306579598	1.076134283	8.761704114	-0.1	0.177	0.077	0.930233084	2.6097	0.000171949	1.423	0.560819046	110.66	0.135	-0.4103
2006-04-01	-0.059191993	-0.227967273	-0.604738996	0.803226625	0.76516162	1.260243776	1.062663602	8.814803125	0.09	0.175	0.265	0.926537497	2.6788	0.000169031	1.345	0.560466489	110.04	0.075	-0.4112
2006-05-01	-0.057273473	-0.175209377	-0.594540947	0.81183495	0.778827751	1.236551761	1.088647872	8.856349932	0.04	0.12	0.16	0.940045303	2.7445	0.000167445	1.37	0.560079017	107.53	0.175	-0.4755
2006-06-01	-0.121762706	-0.195602165	-0.590805157	0.7946176	0.789009706	1.261937641	1.138105593	8.838930954	-0.1	0.079	-0.021	0.943140741	2.6352	0.000165605	1.491	0.562424577	108.85	0.14	-0.4948
2006-07-01	-0.122156449	-0.211167627	-0.586242068	0.79251006	0.784118457	1.218465939	1.13176202	8.765782589	-0.02	-0.022	-0.042	0.948433723	2.7547	0.000164949	1.692	0.565039276	108.89	-0.01	-0.5253
2006-08-01	-0.061418978	-0.201266395	-0.523968499	0.806554932	0.792197584	1.235848787	1.12346759	8.743371039	-0.13	0	-0.13	0.952379129	2.8293	0.000164266	1.64	0.562164442	108.29	-0.035	-0.4507
2006-09-01	-0.06495763	-0.193411173	-0.489568999	0.762786714	0.794117038	1.16681857	1.133350388	8.640677357	-0.19	0.045	-0.145	0.950220186	2.8663	0.000161967	1.635	0.563452586	108.01	0.055	-0.6237
2006-10-01	-0.039985838	-0.193636975	-0.450689122	0.772837962	0.79849285	1.13191989	1.120284758	8.44670936	-0.26	-0.012	-0.272	0.954863251	2.8767	0.000159813	1.642	0.577689186	108.19	-0.065	-0.3833
2006-11-01	-0.022765593	-0.186494721	-0.424351125	0.770612913	0.791433139	1.110846548	1.107636046	8.495348241	-0.34	-0.035	-0.375	0.954046147	2.8779	0.000158315	1.675	0.577905207	107.08	-0.04	-0.4421
2006-12-01	-0.021874487	-0.191026606	-0.389890295	0.755957719	0.852378487	1.168392235	1.17306844	8.533781094	-0.44	0.252	-0.188	0.956119189	2.89	0.000155858	1.328	0.575121424	106.25	0.035	-0.49
2007-01-01	0.029325094	-0.192944135	-0.353691565	0.742088525	0.857345202	1.140700246	1.139596516	8.496512733	-0.33	0.152	-0.178	0.959291919	2.89	0.00015605	1.308	0.575450846	107.59	-0.045	-0.36
2007-02-01	0.013708488	-0.187304146	-0.354465395	0.764380165	0.855661109	1.173822017	1.168130532	8.506047275	-0.24	-0.03	-0.27	0.961038603	2.8906	0.000154179	1.6	0.576479285	107.44	-0.145	-0.3094
2007-03-01	0.028721642	-0.192499652	-0.347202072	0.776330348	0.882930183	1.163900937	1.179630407	8.442570374	-0.34	0.286	-0.054	0.943368407	2.9029	0.000155255	1.314	0.571885501	107.04	-0.04	-0.4271
2007-04-01	0.055947316	-0.197790778	-0.317114363	0.791592701	0.919992132	1.105704334	1.167497548	8.505475254	-0.2	0.126	-0.074	0.938221775	2.8952	0.000155061	1.364	0.571334024	105.73	-0.025	-0.5248
2007-05-01	0.053992702	-0.19409497	-0.317729756	0.830299352	0.964295337	1.087458744	1.171204389	8.488048215	-0.2	0.263	0.063	0.946332831	2.8911	0.000154621	1.247	0.571139566	105.12	-0.005	-0.5889
2007-06-01	0.092043017	-0.187796999	-0.291087902	0.840533285	0.985070347	1.09838	1.168550502	8.539616258	0.19	0.026	0.216	0.956547445	2.89	0.000151961	1.534	0.569367823	104.67	0.095	-0.69
2007-07-01	0.105816262	-0.136343331	-0.267813278	0.862690409	0.9779446	1.088252411	1.186803724	8.509762979	0.15	-0.096	0.054	0.964842185	2.8903	0.00015131	1.796	0.56849873	103.07	-0.05	-0.5397
2007-08-01	0.147963369	-0.180127795	-0.242446571	0.846802043	0.974926881	1.044883325	1.170484799	8.454896646	0.48	0.157	0.637	0.969089793	2.7673	0.000149656	1.743	0.563696862	103.2	0	-1.4227
2007-09-01	0.105242559	-0.174922857	-0.203375791	0.89824802	0.964706945	1.037479074	1.14332304	8.438519113	0.47	0.32	0.79	0.975686623	2.5361	0.000146525	1.54	0.559308783	101.77	0.255	-1.8039
2007-10-01	0.157933457	-0.112786585	-0.119512097	0.960595015	1.013201361	1.026367709	1.187616584	8.476372938	0.49	0.215	0.705	0.967116643	2.5935	0.000145253	1.635	0.561169897	99.89	0.09	-1.2965
2007-11-01	0.228082729	-0.075450987	-0.034732993	0.893691726	1.057222494	1.022102716	1.202373474	8.570915253	0.89	0.233	1.123	0.961957979	2.5379	0.000141561	1.827	0.559458968	98.66	0.245	-1.9421
2007-12-01	0.123501247	-0.120203605	-0.054674595	0.922631093	1.108751565	1.03282938	1.20670163	8.629698359	0.76	0.376	1.136	0.966210531	2.3506	0.000140959	1.624	0.554854228	99.59	0.19	-1.8094
2008-01-01	0.270320839	0.026281996	0.106005938	0.914870245	0.997206855	0.992612431	1.129794624	8.507574258	1.63	0.581	2.211	0.973827771	3.0624	0.000140749	1.439	0.552548033	99.06	-0.265	-1.6576
2008-02-01	0.485660073	0.199439927	0.337540243	1.007402312	1.035075359	1.063417749	1.162332725	8.502981205	1.97	0.665	2.635	0.971331047	2.9124	0.000140476	1.515	0.552191153	97.9	-0.185	-1.1176
2008-03-01	0.616390301	0.169207943	0.426020799	0.950802207	1.031872853	1.006970909	1.1440452	8.615406828	1.96	0.785	2.745	0.963963681	2.8775	0.000139653	1.675	0.551434572	95.62	0.19	-1.5125
2008-04-01	0.579741279	0.052938629	0.44165461	0.965378839	1.07613666	1.092897707	1.152513127	8.496623749	1.83	0.789	2.619	0.962743733	2.4453	0.000140881	1.451	0.551263311	95.26	0.31	-1.5147
2008-05-01	0.603244304	0.085163257	0.479999572	1.022081842	1.078336365	1.096839257	1.133389402	8.410634715	1.66	0.847	2.507	0.966737795	2.3076	0.000141799	1.313	0.551251216	95.81	0.115	-0.8324
2008-06-01	0.601032841	0.059466073	0.457076952	1.076788781	1.072640373	1.119910092	1.142515682	8.402174013	1.74	0.425	2.165	0.963358005	2.2346	0.000143156	1.795	0.55085263	96.29	0.37	-1.0154
2008-07-01	0.571017717	0.056993706	0.469992663	1.010842092	1.112681234	1.10155875	1.126351212	8.376833509	1.74	0.566	2.306	0.968644402	2.2077	0.000145012	1.854	0.549539978	95.74	0.27	-1.2223
2008-08-01	0.517852273	0.04572877	0.475349853	0.979026428	1.072390023	1.032654257	1.151062221	8.390974273	1.72	0.536	2.256	0.96817905	2.1937	0.000143708	2.054	0.548584406	98.05	0.21	-1.1163
2008-09-01	0.555777014	-0.007908823	0.460133316	0.916077087	1.004826757	0.978869589	0.99888174	8.602832225	1.91	0.624	2.534	0.956721716	1.8783	0.000144244	1.726	0.544112691	100.6	0.735	-2.2817
2008-10-01	0.263189914	-0.446088078	0.125924713	0.801153	0.995135262	0.962398709	1.040720371	9.146931951	2.47	0.562	3.032	0.979784533	0.5014	0.000136619	1.828	0.547305938	106.88	0.32	-3.4486
2008-11-01	0.381934938	-0.010221614	0.483840067	0.805521719	0.907733309	1.068825853	0.983984305	9.408373635	2.63	-0.092	2.538	0.980784832	1.7209	0.000137386	2.652	0.549832039	108.3	0.345	-2.2091
2008-12-01	0.301534775	-0.108803813	0.209311087	0.77908361	0.926228805	1.151244886	0.946452394	9.475679047	2.073	0.259	2.332	0.957260903	1.7807	0.000142847	2.611	0.549247787	105.87	0.243	-1.8093
2009-01-01	0.349020187	-0.083493779	0.303746323	0.8207541	1.006377705	1.205429571	0.943649532	9.500705281	2.043	1.086	3.129	0.950553851	2.0392	0.000143001	1.444	0.549686617	107.29	0.166	-1.0208
2009-02-01	0.324268684	-0.113345306	-0.007620377	0.841785205	0.924065684	1.300567443	0.969491034	9.052162698	2.188	0.838	3.026	0.954459195	2.0074	0.000144844	1.422	0.552925211	110.31	0.167	-0.9526
2009-03-01	0.168083099	-0.404211124	-0.063270229	0.839664738	0.886538482	1.128267391	0.908234521	8.966768222	2.262	0.717	2.979	0.936651517	1.9833	0.00014589	1.463	0.557566325	111.06	0.242	-1.0867
2009-04-01	0.143073261	-0.532540975	-0.077463876	0.869166098	0.993835593	1.102871448	0.933612788	8.846785037	2.465	1.103	3.568	0.926890719	2.1438	0.000149288	0.777	0.562006837	107.9	0.149	-0.9762
2009-05-01	0.240583125	-0.37640077	0.065615532	0.995183782	0.981349079	1.116444966	0.949467292	8.793489071	2.839	1.042	3.881	0.918141152	2.435	0.000149322	0.528	0.566636562	104.31	0.129	-0.655
2009-06-01	0.290088915	-0.262956398	0.188358422	0.939267013	1.021710886	1.188358427	1.01217424	8.660794398	3.235	0.618	3.853	0.902444977	2.6293	0.000155086	1.082	0.569594649	103.35	0.158	-0.4307
2009-07-01	0.21904729	-0.208150104	0.075148678	0.976668333	1.053594592	1.130141324	1.024198794	8.250364651	3.084	0.738	3.822	0.897292438	2.7347	0.000158533	0.922	0.57376448	102.89	0.069	-0.3253
2009-08-01	0.153213196	-0.129883958	0.118198305	0.937189253	1.061881928	1.128168073	1.090266576	8.207392961	3.169	0.59	3.759	0.88364139	2.8255	0.000159402	1.01	0.576159478	101.54	0.076	-0.2645
2009-09-01	0.199508305	-0.05841178	0.162263133	0.970774555	1.050983699	1.049472776	1.054618672	8.115181661	3.016	0.648	3.664	0.869865537	2.9521	0.000159513	1.012	0.574776229	100.75	0.063	-0.1879
2009-10-01	0.233203745	-0.027928392	0.143328939	0.944829464	1.045911988	1.093899275	1.039858923	8.046422755	3.038	0.839	3.877	0.852548089	2.9669	0.00016029	0.721	0.577875352	99.53	0.092	-0.2131
2009-11-01	0.245027027	-0.031426127	0.153270269	0.957913536	1.046545938	0.961820644	1.032496026	8.030377962	3.152	0.796	3.948	0.849145642	2.9819	0.000159948	0.684	0.583866172	99.05	0.105	-0.2181
2009-12-01	0.2356918	0.003838061	0.166182326	0.971199641	1.110539554	1.065901853	1.073512685	7.983080542	3.152	1.045	4.197	0.83561727	2.9972	0.000161884	0.295	0.584003047	99.51	0.125	-0.1828
2010-01-01	0.247823545	-0.008624987	0.162425789	0.937194427	1.029410309	1.023383057	1.043177748	7.916434466	3.449	0.76	4.209	0.833047367	3.0009	0.000161866	0.54	0.58720063	99.88	0.08	-0.1791
2010-02-01	0.22647482	0.001056441	0.167204619	0.96290675	0.970189517	1.01238211	1.027586083	7.860338864	3.394	0.87	4.264	0.82277611	2.9983	0.000163837	0.43	0.588030368	101.33	0.068	-0.1317
2010-03-01	0.221200661	-0.047519925	0.154535312	0.98068939	0.978904463	1.062911197	0.969417553	7.828717638	3.343	0.984	4.327	0.826672029	2.9585	0.000166042	0.256	0.580275708	100.35	0.099	-0.1515
2010-04-01	0.175830959	-0.067255585	0.139610192	0.981957544	0.965665005	1.004783196	0.961486825	7.966060149	3.469	0.671	4.14	0.867119585	2.9034	0.000162211	0.579	0.554261616	99.9	0.079	-0.1866
2010-05-01	0.040235728	-0.214313196	0.074346292	0.994581938	1.000434448	0.975906836	0.979876886	7.90553351	3.099	0.797	3.896	0.867966292	2.7137	0.000163544	0.673	0.555822627	102.86	0.053	-0.3663
2010-06-01	0.13592166	-0.019534897	0.156205303	0.996716762	0.977579464	1.015227721	0.94588673	7.800049524	2.884	0.694	3.578	0.863813836	2.7161	0.000166826	0.846	0.555209251	103.54	0.093	-0.4039
2010-07-01	0.197290981	0.171629792	0.282947504	0.997880606	0.955970736	1.005613574	0.971385973	7.813281652	2.726	0.978	3.704	0.858575585	2.7962	0.000165001	0.572	0.554341236	101.39	0.048	-0.3038
2010-08-01	0.284890978	0.31020592	0.458483739	1.029141744	1.023499169	1.006817129	1.065424293	7.766227744	2.465	0.82	3.285	0.853218234	2.9544	0.000166758	0.91	0.554077959	100.42	0.032	-0.1356
2010-09-01	0.311804205	0.431752939	0.562959124	1.021201018	0.961387717	0.975899785	1.013055508	7.745132698	2.399	1.037	3.436	0.846265322	2.96	0.000168492	0.663	0.553685645	99.49	0.031	-0.13
2010-10-01	0.310684633	0.438548598	0.679353977	1.017578063	1.055446711	0.934023504	1.023026772	7.859931735	2.331	1.444	3.775	0.837177201	2.9641	0.00016859	0.246	0.552949181	96.27	0.04	-0.1559
2010-11-01	0.28779675	0.434258772	0.724602382	1.032532647	1.083171344	1.026329418	1.01441995	7.804972168	2.499	1.352	3.851	0.830826215	2.9497	0.00017351	0.188	0.552492302	96.63	0.043	-0.1403
2010-12-01	0.310578364	0.415051014	0.813222157	1.039795879	0.994836236	0.963160575	0.988891306	7.736433024	3.023	1.046	4.069	0.830675592	2.9472	0.000174977	0.374	0.549505744	97.93	0.048	-0.1628
2011-01-01	0.316131503	0.421641942	0.85422295	1.018233978	1.013914661	0.99033122	0.966242737	7.759474175	3.149	1.185	4.334	0.827630855	2.9456	0.000177212	0.185	0.551033316	96.74	0.007	-0.1444
2011-02-01	0.301631085	0.418130178	0.9276245	1.056402497	1.041720987	0.998420773	0.986048891	7.795449213	3.339	0.911	4.25	0.819042735	2.9405	0.000177727	0.459	0.549482125	95.85	0.042	-0.1795
2011-03-01	0.31283625	0.418491864	0.953390381	1.057937983	1.009332351	0.907305517	0.983958132	7.823380999	3.137	1.1	4.237	0.806953397	2.947	0.000177491	0.33	0.546563927	94.87	0.088	-0.213
2011-04-01	0.364498817	0.448351515	0.993774335	1.041738713	1.076899415	0.840710968	0.967202519	7.841898364	3.273	0.94	4.213	0.799457795	2.977	0.000176395	0.44	0.543084149	93.5	0.042	-0.213
2011-05-01	0.340768104	0.457162335	1.008410636	1.023672119	1.104886722	0.868917248	1.007183245	7.766410125	3.006	1.051	4.057	0.795654877	2.9971	0.000178958	0.419	0.541172474	93.49	0.054	-0.1929
2011-06-01	0.388049636	0.465628112	1.023742345	1.008690314	1.1075572	0.902954935	1.002884157	7.677619654	2.808	1.377	4.185	0.793946976	3.0042	0.000179808	0.133	0.539138518	93.17	0.082	-0.2258
2011-07-01	0.398020458	0.461690784	1.046228152	1.014809391	1.106000376	0.914014931	0.97979947	7.873558465	2.795	1.124	3.919	0.788962208	2.9945	0.000182922	0.426	0.537145373	92.57	0.093	-0.1855
2011-08-01	0.384021714	0.402181412	0.987698348	1.035486626	0.928136835	0.936891637	0.974197412	7.752161192	2.199	1.311	3.51	0.785983535	2.9228	0.000191993	0.659	0.534728661	92.98	0.038	-0.3172
2011-09-01	0.353008422	0.381701357	0.941675563	0.952953652	0.956134058	0.99230838	0.988640537	7.776971249	1.872	0.934	2.806	0.783242675	2.8757	0.000192434	1.196	0.533199817	95.76	0.036	-0.3543
2011-10-01	0.367789355	0.333027145	0.903887717	0.951327533	0.894628323	0.902846551	0.921279269	7.870140256	2.042	0.981	3.023	0.785037064	2.8206	0.000193117	0.939	0.532214316	96.66	0.033	-0.4094
2011-11-01	0.295565072	0.254098929	0.868814349	0.930409154	0.922723304	0.847252198	0.94552415	7.846237198	1.902	1.045	2.947	0.78488617	2.7211	0.000195103	0.935	0.53107749	97.29	0.035	-0.5089
2011-12-01	0.276672209	0.229751575	0.831867794	0.90238209	0.869877704	0.846311302	0.929399909	7.872752358	1.872	0.911	2.783	0.782422259	2.669	0.000194074	1.069	0.526833286	98.34	0.041	-0.561
2012-01-01	0.315620827	0.258860684	0.835356737	0.914478288	0.87855281	0.840640376	0.900966551	7.88046119	1.857	0.968	2.825	0.784381458	2.7076	0.000197475	0.982	0.526815344	98.1	0.03	-0.4924
2012-02-01	0.337994556	0.294100447	0.809404707	0.908565541	0.911868851	0.912832412	0.921676184	7.749686086	1.809	1.112	2.921	0.783154312	2.7657	0.00019652	0.808	0.528054265	96.54	0.042	-0.3943
2012-03-01	0.329604554	0.306761487	0.798695347	0.850890362	0.903545551	0.850395169	0.887085933	7.631023234	1.998	1.173	3.171	0.77571973	2.7818	0.000199898	0.607	0.527884298	97.14	0.057	-0.3882
2012-04-01	0.319914733	0.320688303	0.766519732	0.860334457	0.88755864	0.796269865	0.891669041	7.776769692	1.871	1.064	2.935	0.775998073	2.7841	0.00020069	0.796	0.525283621	97.45	0.057	-0.3759
2012-05-01	0.287092653	0.316776851	0.756404481	0.819925512	0.869951491	0.777575428	0.893221141	7.75688771	1.62	0.841	2.461	0.782655871	2.7831	0.000200511	1.159	0.523370986	98.77	0.037	-0.3769
2012-06-01	0.285785626	0.312388901	0.758351325	0.807178696	0.803879741	0.821486122	0.848834138	7.726125513	1.413	1.134	2.547	0.778356839	2.7894	0.000202047	0.926	0.520431694	100.15	0.067	-0.3706
2012-07-01	0.22303127	0.321029329	0.756625933	0.815540902	0.850436448	0.763860061	0.86823075	7.743599471	1.368	1.02	2.388	0.773663244	2.8074	0.000204523	1	0.519218714	99.55	0.04	-0.3426
2012-08-01	0.16545979	0.340703359	0.722226899	0.832070246	0.8385398	0.754769766	0.859071342	7.724083065	1.521	0.988	2.509	0.771183178	2.8317	0.000206503	0.932	0.517843828	98.91	0.032	-0.3183
2012-09-01	0.183111119	0.385090521	0.642729199	0.839881824	0.868428748	0.742636665	0.862959685	7.653579548	1.565	1.103	2.668	0.767075624	2.8915	0.000210133	0.677	0.517161995	97.49	0.034	-0.2585
2012-10-01	0.13840242	0.417987915	0.637021914	0.850728925	0.91269546	0.764530637	0.902077797	7.63519929	1.576	1.109	2.685	0.760737709	2.9372	0.000212947	0.521	0.515948826	97.23	0.046	-0.2028
2012-11-01	0.123562383	0.421380322	0.615980736	0.840954543	0.93115409	0.781716524	0.911092961	7.651851188	1.482	1.156	2.638	0.752596219	2.9395	0.000210362	0.544	0.517874537	97.9	0.042	-0.2205
2012-12-01	0.14125733	0.424873387	0.560094754	0.846297615	0.959721452	0.831832922	0.910349626	7.747108793	1.577	1.232	2.809	0.742568367	2.944	0.000211477	0.398	0.513758558	97.32	0.054	-0.246
2013-01-01	0.124362123	0.426681995	0.517252417	0.81938739	0.943506366	0.827670098	0.925158142	7.865958251	1.775	1.258	3.033	0.748930651	2.952	0.000211323	0.242	0.5132191	97.3	0.031	-0.218
2013-02-01	0.128579533	0.441714454	0.543554299	0.795883408	0.961861297	0.789556415	0.90792963	7.84896381	1.827	1.11	2.937	0.748284029	2.9629	0.000210112	0.44	0.512180488	98.46	-0.003	-0.1571
2013-03-01	0.150530597	0.446542285	0.553611548	0.773024888	0.889121267	0.800991065	0.843146525	7.849373685	1.831	1.144	2.975	0.739651238	2.9674	0.00021014	0.466	0.511035238	99.47	0.026	-0.2026
2013-04-01	0.162245596	0.442045694	0.557096011	0.749268509	0.873406972	0.880652506	0.840087787	7.83219434	1.657	1.12	2.777	0.741234603	2.9769	0.0002125	0.57	0.509291472	98.95	0.031	-0.2231
2013-05-01	0.134242571	0.450560636	0.546746501	0.725476408	0.929727342	0.812239061	0.863895254	7.849656644	1.793	1.348	3.141	0.746352609	2.9747	0.000211872	0.262	0.50790431	99.32	0.018	-0.2253
2013-06-01	0.165149992	0.457865444	0.551033978	0.691847492	0.892670834	0.804845183	0.81684738	7.951615642	2.149	1.234	3.383	0.745516308	2.9769	0.000210747	0.536	0.506082267	99.69	0.046	-0.2131
2013-07-01	0.155662785	0.456968797	0.547514331	0.696434823	0.882098343	0.764241102	0.826666965	8.08978444	2.469	1.066	3.535	0.741480959	2.9844	0.000210586	0.724	0.504422421	100.44	0.041	-0.2356
2013-08-01	0.186573747	0.462432364	0.565753574	0.710018172	0.902728512	0.774932538	0.825657177	8.110366452	2.619	0.976	3.595	0.738985059	2.9905	0.000209588	0.744	0.503072531	99.99	0.021	-0.2295
2013-09-01	0.19822531	0.461503172	0.56765512	0.71507078	0.927344883	0.811390024	0.831210046	8.171463402	2.72	0.883	3.603	0.735083826	3.0011	0.000210458	0.797	0.501557922	99.58	0.01	-0.2289
2013-10-01	0.17779008	0.470258272	0.575100684	0.70502106	0.957619356	0.786832281	0.862509341	8.195553733	2.524	1.012	3.536	0.730263514	3.008	0.000211983	0.558	0.499072386	98.36	0.041	-0.202
2013-11-01	0.231292671	0.474520383	0.513766362	0.677244185	0.966443886	0.801164426	0.815806792	8.195346494	2.601	1.089	3.69	0.727210278	3.0109	0.000210321	0.451	0.498894281	99.11	0.037	-0.1691
2013-12-01	0.205006825	0.464227066	0.436707066	0.670417888	0.963393219	0.776820656	0.833595717	8.228604978	2.783	1.042	3.825	0.722577444	3.0039	0.000212679	0.518	0.495595276	99.42	0.021	-0.1761
2014-01-01	0.208636457	0.478765508	0.452458466	0.666020874	0.989346919	0.7406664	0.84542952	8.218035119	2.769	0.761	3.53	0.723297617	3.0134	0.000214324	0.809	0.494988444	100.4	0.016	-0.1966
2014-02-01	0.22716495	0.47473698	0.44557965	0.667273077	0.969658164	0.730653667	0.83979126	8.214735605	2.603	0.874	3.477	0.722641845	3.0143	0.000214612	0.716	0.493352897	100.5	0.026	-0.1857
2014-03-01	0.211398698	0.48026909	0.442367671	0.670484189	0.966489681	0.719096917	0.827813196	8.22351683	2.601	0.842	3.443	0.718898905	3.0194	0.000215513	0.778	0.492014365	100.08	0.011	-0.1806
2014-04-01	0.242329891	0.490830144	0.448067274	0.684973084	0.968280483	0.676359401	0.833530601	8.246165578	2.604	0.748	3.352	0.718205617	3.0266	0.000216479	0.882	0.490843127	99.51	0.016	-0.1934
2014-05-01	0.22964148	0.488295118	0.436188482	0.675823542	0.986447611	0.693338514	0.837108416	8.213112421	2.461	0.767	3.228	0.724109064	3.0226	0.000216002	0.863	0.489487242	99.16	0.015	-0.1874
2014-06-01	0.23880872	0.481675473	0.350370122	0.701156559	0.938310527	0.715701512	0.802488928	8.247361839	2.494	0.761	3.255	0.727286191	3.0193	0.000216554	0.799	0.488549465	99.32	0.036	-0.2007
2014-07-01	0.215798917	0.478715944	0.198361616	0.705019871	0.917692826	0.746796548	0.829974648	8.327297129	2.426	0.779	3.205	0.726378929	3.0109	0.000215195	0.811	0.487390092	99.58	0.021	-0.2091
2014-08-01	0.216623192	0.479300158	0.191023714	0.694998801	0.873596915	0.706761837	0.797666732	8.296286057	2.326	0.664	2.99	0.730958744	3.0164	0.000211405	1.036	0.48578258	100.14	0.021	-0.2036
2014-09-01	0.210707736	0.482129473	0.17416756	0.656062825	0.868432321	0.732325564	0.776273038	8.329008612	2.43	0.672	3.102	0.725964425	3.0149	0.000214609	0.958	0.48435244	101.86	0.038	-0.2251
2014-10-01	0.207464969	0.49454513	0.01871415	0.620803628	0.802179184	0.684614507	0.73348088	8.355839021	2.204	0.766	2.97	0.730705865	3.0179	0.000214365	0.974	0.482660954	103.27	0.031	-0.2121
2014-11-01	0.202209772	0.478704072	0.026530832	0.604522268	0.829367929	0.678184661	0.724072903	8.347138872	2.212	0.563	2.775	0.7265035	3.0164	0.000214232	1.107	0.480715106	104.96	0.051	-0.2136
2014-12-01	0.191814959	0.463080762	-0.003932874	0.593080649	0.818541944	0.655946484	0.703396981	8.28263203	1.991	0.539	2.53	0.72460905	2.9944	0.000218947	1.111	0.47683994	106.83	0.094	-0.2256
2015-01-01	0.168751528	0.333719309	-0.132690739	0.560692618	0.893041358	0.674835458	0.738889832	8.305703141	1.735	0.343	2.078	0.728828772	2.9969	0.000216819	1.447	0.476205737	109.17	0.031	-0.2331
2015-02-01	0.211645373	0.330095858	-0.216108957	0.560361846	0.845769471	0.701057651	0.697556828	8.291867192	1.789	0.613	2.402	0.724399456	2.9881	0.000220807	1.117	0.476719932	110.84	0.056	-0.2419
2015-03-01	0.158205979	0.331368365	-0.30973269	0.549995732	0.89059952	0.70522599	0.709654125	8.281569204	1.81	0.5	2.31	0.724275217	2.9792	0.0002192	1.23	0.476108994	113.4	0.107	-0.2408
2015-04-01	0.195109619	0.325277512	-0.478037613	0.582548525	0.814653521	0.724675994	0.696614555	8.202562705	1.713	0.804	2.517	0.731366471	2.9712	0.000219294	0.926	0.473940529	112.69	0.011	-0.2488
2015-05-01	0.200256965	0.297776385	-0.508164856	0.55167981	0.834996454	0.75067317	0.713081835	8.167153666	1.949	0.683	2.632	0.738535126	2.9662	0.000218544	0.957	0.47308281	111.48	0.054	-0.2738
2015-06-01	0.221197262	0.316002394	-0.489908964	0.546139268	0.796488556	0.720457104	0.686284283	8.152160551	2.092	0.759	2.851	0.741148658	2.9668	0.000221536	0.861	0.472455649	112.39	0.107	-0.2732
2015-07-01	0.17684825	0.144107443	-0.5287682	0.510955359	0.819849974	0.728369218	0.707758543	8.180260109	2.004	0.588	2.592	0.740818557	2.9414	0.000221681	1.142	0.472719	114.47	0.082	-0.2486
2015-08-01	0.163740545	0.125482613	-0.671608229	0.510515333	0.784923376	0.713847179	0.709367041	8.161573957	1.788	0.79	2.578	0.741339943	2.921	0.000219773	0.95	0.472006835	115.93	0.177	-0.269
2015-09-01	0.169207632	0.127564439	-0.630755223	0.49965909	0.779571676	0.695920122	0.694347011	8.082349219	1.854	0.684	2.538	0.743887079	2.925	0.000222046	1.036	0.47132968	116.5	0.086	-0.325
2015-10-01	0.174080126	0.110618579	-0.679395247	0.480675619	0.804043439	0.711154145	0.662308623	8.192716075	1.739	0.855	2.594	0.744890526	2.9159	0.000217054	0.875	0.470234321	115.81	0.184	-0.2841
2015-11-01	0.078714373	0.055874643	-0.848816808	0.469956492	0.829794553	0.71470016	0.675276936	8.186132671	1.773	0.714	2.487	0.745411786	2.8338	0.000221021	0.966	0.470945006	117.85	0.225	-0.2462
2015-12-01	-0.047793181	-0.054798455	-0.824744382	0.442902914	0.767875582	0.699472844	0.661474347	8.101966613	1.627	0.773	2.4	0.75170247	2.7573	0.000223195	0.947	0.468704	118.66	0.282	-0.4027
2016-01-01	-0.073473872	-0.057466129	-0.861644185	0.453908201	0.754602522	0.696031208	0.664403588	8.140227017	1.639	0.667	2.306	0.756518821	2.8874	0.00022254	1.113	0.469023772	120.76	0.11	-0.2926
2016-02-01	-0.072609001	-0.083611328	-1.196795719	0.474916721	0.737186491	0.630009502	0.64867056	8.151257224	1.178	0.836	2.014	0.755573131	2.8669	0.000223301	1.044	0.469465056	119.03	0.156	-0.3131
2016-03-01	-0.007885858	-0.084379482	-1.08510124	0.489581286	0.721884985	0.65371719	0.598571765	8.155383337	1.297	0.73	2.027	0.753157915	2.8714	0.000225325	1.07	0.468393111	116.77	0.086	-0.3286
2016-04-01	-0.012226557	-0.089309008	-1.086338378	0.521264753	0.762668274	0.655665805	0.612800543	8.177149184	1.255	0.853	2.108	0.756283679	2.8634	0.000227369	0.947	0.466985905	114.7	0.159	-0.4066
2016-05-01	-0.080211814	-0.117004434	-1.184462529	0.495641078	0.770496651	0.69809088	0.624824486	8.150787378	1.138	0.82	1.958	0.763769743	2.8142	0.000229124	0.97	0.467361537	115.65	0.13	-0.3558
2016-06-01	-0.139552694	-0.098792446	-1.253123961	0.498732633	0.708809619	0.615808618	0.629524494	8.096839313	1.198	0.669	1.867	0.764194128	2.8459	0.000229076	1.261	0.467288287	115.98	0.073	-0.3741
2016-07-01	-0.134119938	-0.153650757	-1.433883318	0.497278667	0.729253163	0.672917206	0.581670844	8.120886806	1.001	0.682	1.683	0.765514264	2.7409	0.000227496	1.258	0.468472622	116.67	0.086	-0.4691
2016-08-01	-0.308350726	-0.210647052	-1.418677811	0.49536604	0.750048395	0.679186769	0.586490277	8.141769506	0.964	0.671	1.635	0.761324906	2.6607	0.000231474	1.209	0.470011652	115.53	0.155	-0.5293
2016-09-01	-0.323858733	-0.209166297	-1.326927161	0.49948665	0.746675877	0.670802284	0.600655269	8.087150625	1.037	0.703	1.74	0.765760462	2.6463	0.000232704	1.127	0.469199725	116.34	0.187	-0.5937
2016-10-01	-0.359223608	-0.2345191	-1.410162781	0.501583049	0.774175028	0.731972212	0.593107832	8.043322715	1.106	0.828	1.934	0.770388397	2.6157	0.000234075	0.882	0.468915683	117.88	0.181	-0.5643
2016-11-01	-0.313203916	-0.259056665	-1.617012418	0.493102457	0.736095095	0.725475742	0.535128352	8.143456376	1.36	0.878	2.238	0.767198166	2.5658	0.000233591	0.752	0.468734189	120.59	0.13	-0.4542
2016-12-01	-0.39618976	-0.295145769	-1.589487097	0.492161348	0.749562792	0.673087439	0.569391351	8.139145464	1.672	0.561	2.233	0.763366971	2.6421	0.000233447	1.149	0.467490835	123.36	0.12	-0.4979
2017-01-01	-0.393207338	-0.311484768	-1.498167544	0.500547494	0.734088715	0.648258428	0.54317243	8.134895653	1.663	0.621	2.284	0.763848395	2.7154	0.000236433	1.099	0.469012388	123.07	0.141	-0.5346
2017-02-01	-0.445991634	-0.327416343	-1.35750585	0.475463249	0.740679799	0.649785946	0.551606479	8.139214986	1.62	0.548	2.168	0.760989343	2.686	0.000234747	1.202	0.469804786	121.72	0.182	-0.544
2017-03-01	-0.462721465	-0.356624839	-1.352750251	0.476922692	0.75780753	0.638114258	0.542384875	8.138245324	1.453	0.537	1.99	0.752634947	2.7304	0.000238108	1.183	0.47084291	121.03	0.134	-0.3796
2017-04-01	-0.452180452	-0.36973614	-1.414614887	0.46213234	0.765100076	0.657123103	0.540988755	8.099160632	1.227	0.652	1.879	0.755594491	2.8277	0.000238149	1.098	0.47019886	119.81	0.181	-0.3723
2017-05-01	-0.514713655	-0.792622269	-1.487222945	0.455449477	0.784250017	0.662366761	0.575796052	8.033696904	1.145	0.557	1.702	0.759736505	2.79	0.000242341	1.153	0.470677586	118.92	0.153	-0.29
2017-06-01	-0.545426424	-0.83279221	-1.532887764	0.466265466	0.784668754	0.678829259	0.555670694	7.963903422	0.952	0.649	1.601	0.762173768	2.8308	0.000242385	1.061	0.471114484	117.17	0.147	-0.2992
2017-07-01	-0.537955232	-0.836507171	-1.408090454	0.473827954	0.767148912	0.656557769	0.552544967	8.002458854	1.098	0.578	1.676	0.760457298	2.9394	0.00024255	1.072	0.472017381	115.29	0.032	-0.2006
2017-08-01	-0.593969826	-0.839700791	-1.420059414	0.474481465	0.792091777	0.674464327	0.568473774	8.016446193	0.985	0.515	1.5	0.758476815	2.9322	0.00024228	1.155	0.472288149	113.82	0.088	-0.3278
2017-09-01	-0.525897997	-0.847660618	-1.480766688	0.479628263	0.832651246	0.684839018	0.543827	7.986119584	0.9	0.658	1.558	0.758787601	2.9161	0.000242132	0.952	0.47060697	113.05	0.156	-0.2939
2017-10-01	-0.527967472	-0.868767488	-1.635487233	0.466595882	0.830184788	0.69066768	0.553568957	8.030716935	0.931	0.515	1.446	0.758995193	2.8688	0.000243065	1.025	0.470719685	115.04	0.193	-0.2912
2017-11-01	-0.522578157	-0.912324102	-1.939468177	0.455319483	0.787441011	0.673788114	0.526714098	8.073303175	0.732	0.481	1.213	0.758754785	2.7626	0.000241653	1.089	0.470541341	115.5	0.175	-0.2174
2017-12-01	-0.985307352	-0.989261096	-1.620638213	0.467694726	0.792010336	0.684213964	0.555465551	8.082854117	0.663	0.341	1.004	0.758505309	2.7057	0.000240645	1.209	0.468802503	115	0.135	-0.2943
2018-01-01	-0.961366258	-1.02357289	-1.609422625	0.4450551	0.772916484	0.656449823	0.513358531	8.197056722	0.683	0.361	1.044	0.761627062	2.7222	0.000244105	1.089	0.46997137	112.47	0.254	-0.3678
2018-02-01	-1.13300027	-1.104212178	-1.721820769	0.429246561	0.78783503	0.676286918	0.544679525	8.219966632	0.79	0.268	1.058	0.763052869	2.4828	0.000242108	1.202	0.470685918	111.58	0.235	-0.3972
2018-03-01	-1.171744603	-1.197375495	-1.63565763	0.436262304	0.769719499	0.689142433	0.527749937	8.133915375	0.75	0.131	0.881	0.759120725	2.2682	0.00024709	1.469	0.470625008	111.96	0.197	-0.5818
2018-04-01	-1.227016003	-1.211984297	-1.665806481	0.444407331	0.805822555	0.71645727	0.570405226	8.078209297	0.631	0.226	0.857	0.764160877	2.3871	0.000248031	1.374	0.468832376	111.85	0.202	-0.5529
2018-05-01	-1.21751615	-1.200124978	-1.722498134	0.442387768	0.769889048	0.668189961	0.553343715		0.754	0.005	0.759		2.4287		1.605			0.202	-0.4413
